METRICS_DATE  METRICS_TIME    VALUE
20140606 015628    19095.7
20140606 021225    19101.5
20140606 022829      19095
20140606 024428    19096.8
20140606 030031    19099.7
20140606 031640    19094.8
20140606 033243    19096.6
20140606 034849      19096
20140606 040455    19099.1
20140606 042007    19093.2
20140606 043518    19093.7
20140606 045020    19348.7
20140606 050521    19349.6
20140606 052040    19349.5
20140606 053650      19092
20140606 055252    19091.2
20140606 060853    19095.6
20140606 062359    19093.4
20140606 063958    19094.4
20140606 065556    19095.5
20140606 071158    19095.1
20140606 072701      19095
20140606 074205    19091.3
20140606 075806      19091
20140606 081313    19089.3
20140606 082921    19093.3
20140606 084524    19092.5
20140606 090128    19091.5
20140606 091645    19091.1
20140606 093256    19092.4
20140606 094907    19093.8
20140606 100509    19090.9
20140606 102053    19345.7
20140606 103556    19344.4
20140606 105101    19345.6
20140606 110605    19348.9
20140606 112221    19090.9
20140606 113831    19093.4
20140606 115437    19092.8
20140606 121044    19092.1
20140606 122600    19090.1
20140606 124205    19089.5
20140606 125813    19090.4
20140606 131425    19092.1
20140606 133038    19091.8
20140606 134645    19090.2
20140606 140248    19092.2
20140606 141750    19090.9
20140606 143253      19091
20140606 144852    19089.8
20140606 150352    19090.7
20140606 151902    19091.6
20140606 153505    19091.2
20140606 155109      19348
20140606 160707    19091.6
20140606 162317    19090.1
20140606 163916    19090.1
20140606 165514    19094.5
20140606 171113    19093.1
20140606 172629    19093.1
20140606 174230    19093.7
20140606 175827    19092.3
20140606 181431    19095.5
20140606 183038    19096.3
20140606 184634      19096
20140606 190231    19095.5
20140606 191840    19094.9
20140606 193446      19094
20140606 195044    19352.6
20140606 200642    19098.1
20140606 202255    19099.9
20140606 203858    19098.1
20140606 205457    19099.3
20140606 211054      19099
20140606 212704    19099.1
20140606 214305    19096.5
20140606 215907    19095.1
20140606 221515    19095.1
20140606 223114    19096.6
20140606 224713      19096
20140606 230310    19093.6
20140606 231814    19110.2
20140606 233414    19091.7
20140606 234918    19092.7
20140607 000517    19098.9
20140607 002028    19098.5
20140607 003630    19097.4
20140607 005231    19097.2
20140607 010830    19097.5
20140607 012333    19097.9
20140607 013931      19097
20140607 015537    19097.9
20140607 021135    19097.3
20140607 022742    19098.8
20140607 024340    19098.3
20140607 025939    19096.4
20140607 031457    19096.9
20140607 033107      19100
20140607 034720    19097.7
20140607 040325    19101.6
20140607 041832    19097.5
20140607 043342    19097.5
20140607 044846    19095.1
20140607 050348    19098.8
20140607 051908      19097
20140607 053514    19351.8
20140607 055124    19354.9
20140607 060723    19097.1
20140607 062256    19095.2
20140607 063759    19094.2
20140607 065359      19094
20140607 070900    19093.4
20140607 072413    19094.6
20140607 074015    19096.1
20140607 075616    19097.2
20140607 081215      19096
20140607 082724    19097.9
20140607 084323    19096.7
20140607 085925    19097.8
20140607 091429    19096.4
20140607 092939    19096.8
20140607 094451    19096.3
20140607 100053    19095.7
20140607 101607    19096.2
20140607 103214    19094.8
20140607 104817    19106.3
20140607 110421    19097.1
20140607 111931    19095.8
20140607 113538    19352.5
20140607 115038    19351.2
20140607 120540    19352.3
20140607 122056    19352.6
20140607 123659    19097.5
20140607 125300    19097.5
20140607 130900    19098.6
20140607 132415    19098.2
20140607 134017    19096.3
20140607 135620    19097.9
20140607 141222    19098.7
20140607 142730    19099.6
20140607 144330    19099.8
20140607 145933    19097.5
20140607 151434    19098.9
20140607 152944    19097.3
20140607 154552    19098.2
20140607 160153    19097.8
20140607 161700    19099.3
20140607 163301    19098.4
20140607 164859    19099.2
20140607 170503    19100.9
20140607 172011    19107.6
20140607 173616    19102.3
20140607 175220    19101.7
20140607 180818      19105
20140607 182423    19101.2
20140607 184020      19102
20140607 185616    19102.6
20140607 191213    19101.2
20140607 192823    19103.1
20140607 194419    19103.8
20140607 200019    19104.2
20140607 201632    19102.9
20140607 203229    19103.6
20140607 204828    19100.7
20140607 210423    19100.1
20140607 212030    19357.9
20140607 213628    19103.7
20140607 215226    19101.4
20140607 220822    19100.3
20140607 222429    19099.4
20140607 224025    19101.1
20140607 225622    19100.4
20140607 231216    19100.7
20140607 232826      19098
20140607 234423    19095.5
20140608 000020    19097.1
20140608 001644    19102.2
20140608 003252    19101.5
20140608 004855    19101.5
20140608 010453    19103.4
20140608 012002      19100
20140608 013602      19100
20140608 015205    19100.6
20140608 020808    19102.2
20140608 022414    19102.3
20140608 024013    19102.1
20140608 025612    19102.6
20140608 031211    19101.4
20140608 032714    19102.2
20140608 034216    19101.7
20140608 035724    19100.1
20140608 041337    19100.4
20140608 042900    19105.1
20140608 044503    19100.2
20140608 050108      19102
20140608 051641    19102.2
20140608 053141    19101.2
20140608 054741    19101.1
20140608 060251    19101.6
20140608 061804    19100.6
20140608 063404    19101.3
20140608 065006    19100.1
20140608 070607    19098.8
20140608 072121    19100.4
20140608 073723    19099.8
20140608 075330    19098.8
20140608 080932    19100.5
20140608 082443    19101.2
20140608 084046    19103.2
20140608 085648    19101.2
20140608 091256    19101.9
20140608 092758    19102.8
20140608 094305    19101.5
20140608 095813    19101.2
20140608 101321    19101.6
20140608 102834    19100.9
20140608 104439    19100.7
20140608 110044    19102.5
20140608 111545    19101.9
20140608 113105    19103.1
20140608 114632    19102.4
20140608 120143    19102.4
20140608 121703    19104.5
20140608 123203      19102
20140608 124713    19102.3
20140608 130218    19101.5
20140608 131736    19101.5
20140608 133345      19101
20140608 134948    19100.1
20140608 140455    19098.1
20140608 142005    19099.4
20140608 143508    19102.3
20140608 145010    19107.1
20140608 150518    19104.5
20140608 152026    19361.3
20140608 153529    19360.1
20140608 155029    19361.4
20140608 160539    19360.3
20140608 162054    19360.9
20140608 163655    19105.4
20140608 165301    19106.1
20140608 170903    19105.3
20140608 172413    19105.3
20140608 174016    19105.9
20140608 175618    19104.5
20140608 181220    19109.6
20140608 182726    19110.1
20140608 184326    19125.9
20140608 185925    19110.3
20140608 191431    19109.5
20140608 192936    19109.1
20140608 194535    19106.5
20140608 200135      19108
20140608 201647    19106.3
20140608 203247    19108.8
20140608 204847    19111.4
20140608 210446    19111.8
20140608 212052    19367.6
20140608 213654    19109.5
20140608 215258    19111.3
20140608 220854    19109.4
20140608 222401    19109.4
20140608 223958    19107.3
20140608 225555    19109.1
20140608 231153    19109.6
20140608 232655    19108.3
20140608 234254    19107.1
20140608 235853    19106.4
20140609 001402    19110.2
20140609 002942    19109.5
20140609 004458      19107
20140609 010101    19106.9
20140609 011609    19106.6
20140609 013109    19104.6
