METRICS_DATE   METRICS_TIME      VALUE
20140604 013329      13892
20140604 014927      14320
20140604 020524      15267
20140604 022132      14019
20140604 023731      14159
20140604 025330      15750
20140604 030933      18199
20140604 032453      16474
20140604 034054      15240
20140604 035554      15188
20140604 041058      15759
20140604 042640      17855
20140604 044144      18187
20140604 045746      15618
20140604 051350      16243
20140604 053000      16248
20140604 054601      17140
20140604 060202      15918
20140604 061815      17844
20140604 063417      17115
20140604 065018      16681
20140604 070618      18066
20140604 072118      18054
20140604 073622      18054
20140604 075125      20791
20140604 080629      20516
20140604 082151      19663
20140604 083801      20177
20140604 085403      19448
20140604 091004      19015
20140604 092510      19274
20140604 094015      22102
20140604 095517      23663
20140604 101118      19885
20140604 102637      21211
20140604 104138      21933
20140604 105740      22039
20140604 111345      21022
20140604 112848      21483
20140604 114352      23312
20140604 115853      23402
20140604 121409      22451
20140604 122916      21667
20140604 124519      21527
20140604 130124      21658
20140604 131625      21591
20140604 133133      21442
20140604 134735      20631
20140604 140336      20183
20140604 141848      19591
20140604 143351      19165
20140604 144950      18416
20140604 150550      17740
20140604 152102      15907
20140604 153715      15577
20140604 155314      17001
20140604 160914      16503
20140604 162522      13708
20140604 164120      13723
20140604 165717      14244
20140604 171327      16434
20140604 172828      16660
20140604 174428      15910
20140604 180028      16022
20140604 181540      17454
20140604 183043      17659
20140604 184642      15430
20140604 190241      14942
20140604 191758      14851
20140604 193357      14005
20140604 194953      13648
20140604 200550      13870
20140604 202058      12883
20140604 203658      14524
20140604 205255      13293
20140604 210851      13228
20140604 212500      13473
20140604 214100      14140
20140604 215656      13441
20140604 221301      11898
20140604 222907      11865
20140604 224505      14623
20140604 230102      14101
20140604 231712      12402
20140604 233322      12600
20140604 234924      15603
20140605 000523      14897
20140605 002056      13239
20140605 003557      13661
20140605 005101      12517
20140605 010700      13070
20140605 012211      13373
20140605 013718      13638
20140605 015322      13272
20140605 020922      13628
20140605 022530      13821
20140605 024131      13988
20140605 025734      14465
20140605 031338      16544
20140605 032956      16977
20140605 034600      15009
20140605 040206      15451
20140605 041802      15406
20140605 043312      16509
20140605 044818      18738
20140605 050322      16196
20140605 051834      15952
20140605 053342      15664
20140605 054945      16851
20140605 060548      15714
20140605 062055      16735
20140605 063603      16874
20140605 065204      16206
20140605 070704      16994
20140605 072218      16317
20140605 073821      15252
20140605 075426      17548
20140605 081029      16294
20140605 082535      16429
20140605 084140      16718
20140605 085744      17200
20140605 091323      16350
20140605 092835      17309
20140605 094341      20667
20140605 095847      18740
20140605 101347      18599
20140605 102855      19543
20140605 104402      21170
20140605 105915      21075
20140605 111419      19157
20140605 112920      17300
20140605 114423      18139
20140605 115924      20478
20140605 121431      18328
20140605 122938      17173
20140605 124540      17897
20140605 130142      18096
20140605 131646      18185
20140605 133248      18368
20140605 134849      18156
20140605 140452      18625
20140605 141954      19331
20140605 143456      19204
20140605 145056      18294
20140605 150557      17688
20140605 152105      16644
20140605 153711      17300
20140605 155322      15863
20140605 160921      14626
20140605 162531      13705
20140605 164133      16046
20140605 165731      16404
20140605 171337      13193
20140605 172840      14154
20140605 174440      14597
20140605 180039      14942
20140605 181648      14871
20140605 183247      13492
20140605 184844      13168
20140605 190441      13007
20140605 192049      13329
20140605 193650      12782
20140605 195248      13797
20140605 200845      12868
20140605 202351      12621
20140605 203950      13292
20140605 205548      13814
20140605 211146      12819
20140605 212655      14583
20140605 214156      11119
20140605 215754      10699
20140605 221359      12937
20140605 223000      13217
20140605 224555      11918
20140605 230150      11005
20140605 231652      11964
20140605 233257      14917
20140605 234901      12180
20140606 000457      12976
20140606 002100      12288
20140606 003704      12013
20140606 005206      11969
20140606 010805      12041
20140606 012311      12661
20140606 013815      12885
20140606 015413      12971
20140606 021011      12600
20140606 022514      12541
20140606 024112      13011
20140606 025612      13768
20140606 031214      16579
20140606 032717      16141
20140606 034322      13701
20140606 035928      14895
20140606 041438      15297
20140606 042952      15820
20140606 044459      14415
20140606 050000      13724
20140606 051509      14860
20140606 053010      16728
20140606 054516      16750
20140606 060018      15327
20140606 061527      16199
20140606 063130      14848
20140606 064728      15015
20140606 070329      15290
20140606 071830      15623
20140606 073433      15842
20140606 075038      15720
20140606 080639      17404
20140606 082143      17983
20140606 083646      17885
20140606 085149      19976
20140606 090651      18496
20140606 092205      18836
20140606 093707      20488
20140606 095215      21699
20140606 100716      18173
20140606 102313      18204
20140606 103918      18123
20140606 105524      20914
20140606 111128      20354
20140606 112630      19298
20140606 114138      18381
20140606 115642      20786
20140606 121148      20886
20140606 122705      20007
20140606 124309      19227
20140606 125917      19027
20140606 131532      19681
20140606 133143      19280
20140606 134750      18825
20140606 140352      20516
20140606 141854      18019
20140606 143357      17987
20140606 144957      18154
20140606 150557      17016
20140606 152108      16035
20140606 153609      16156
20140606 155213      16783
20140606 160811      14107
20140606 162317      13714
20140606 163916      13073
20140606 165514      12492
20140606 171113      13504
20140606 172617      13132
20140606 174118      12091
20140606 175714      11460
20140606 181317      12448
20140606 182823      12989
20140606 184420      12789
20140606 190017      12064
20140606 191523      11990
20140606 193027      14007
20140606 194628      16621
20140606 200225      13033
20140606 201835      11979
20140606 203440      13190
20140606 205040      16653
20140606 210637      11474
20140606 212247      11447
20140606 213847      12057
20140606 215449      13647
20140606 221048      12439
20140606 222658      11723
20140606 224255      10305
20140606 225853      12571
20140606 231506      13387
20140606 233111      12122
20140606 234715      11765
20140607 000315      14606
20140607 001926      15974
20140607 003528      13097
20140607 005130      11931
20140607 010729      12422
20140607 012333      11933
20140607 013931      12702
20140607 015537      13308
20140607 021134      13044
20140607 022742      12762
20140607 024340      13350
20140607 025939      13422
20140607 031444      14351
20140607 032953      16283
20140607 034504      14380
20140607 040007      13732
20140607 041524      15022
20140607 043138      15696
20140607 044744      15373
20140607 050348      14070
20140607 051856      14690
20140607 053400      17219
20140607 054908      17678
20140607 060508      15426
20140607 062052      16036
20140607 063658      14150
20140607 065258      14753
20140607 070900      15413
20140607 072407      14969
20140607 074009      15113
20140607 075610      15156
20140607 081209      15216
20140607 082718      16096
20140607 084317      15887
20140607 085818      16876
20140607 091326      18478
20140607 092838      17658
20140607 094451      18012
20140607 100053      16413
20140607 101600      18226
20140607 103208      21649
20140607 104810      17993
20140607 110413      17898
20140607 111924      18904
20140607 113430      19653
20140607 114936      18054
20140607 120439      18144
20140607 121949      19066
20140607 123551      17862
20140607 125152      17643
20140607 130752      17337
20140607 132301      17450
20140607 133802      16842
20140607 135303      16895
20140607 140803      16606
20140607 142312      17119
20140607 143913      16517
20140607 145514      16788
20140607 151117      17755
20140607 152627      16003
20140607 154227      14149
20140607 155736      14843
20140607 161240      15144
20140607 162743      14148
20140607 164342      12051
20140607 165944      11685
20140607 171551      13945
20140607 173157      15991
20140607 174803      14747
20140607 180401      11457
20140607 182005      11509
20140607 183604      10986
20140607 185200      10935
20140607 190756      10784
20140607 192259      11042
20140607 193856      10992
20140607 195456      10932
20140607 201052      10800
20140607 202558      11232
20140607 204157      10435
20140607 205753      13300
20140607 211357      10418
20140607 212957      10139
20140607 214554      10150
20140607 220151       9426
20140607 221654       9529
20140607 223253       9406
20140607 224849       9645
20140607 230446       9655
20140607 231952       9632
20140607 233550      10516
20140607 235148      11469
20140608 000745      11741
20140608 002310      12052
20140608 003917      12398
20140608 005518      12637
20140608 011121      12294
20140608 012626      12536
20140608 014224      12457
20140608 015827      13149
20140608 021328      12639
20140608 022828      13060
20140608 024427      13356
20140608 030027      13344
20140608 031532      13452
20140608 033034      14184
20140608 034534      13555
20140608 040139      16043
20140608 041702      15247
20140608 043207      14527
20140608 044709      14184
20140608 050213      14274
20140608 051746      14617
20140608 053352      15805
20140608 055002      15543
20140608 060603      16241
20140608 062111      15544
20140608 063711      15462
20140608 065211      16241
20140608 070711      16374
20140608 072225      16703
20140608 073827      16700
20140608 075434      17723
20140608 081037      17738
20140608 082547      17977
20140608 084150      17977
20140608 085752      18504
20140608 091404      18800
20140608 093011      19358
20140608 094511      22071
20140608 100019      19698
20140608 101531      20311
20140608 103046      20851
20140608 104652      22053
20140608 110257      21980
20140608 111800      22624
20140608 113328      22479
20140608 114839      22207
20140608 120349      22502
20140608 121917      23861
20140608 123421      23513
20140608 125027      22721
20140608 130633      23357
20140608 132145      22556
20140608 133651      22295
20140608 135203      21079
20140608 140707      21846
20140608 142217      20362
20140608 143821      19731
20140608 145425      19022
20140608 150925      21193
20140608 152441      18003
20140608 153950      17314
20140608 155459      15653
20140608 161101      16497
20140608 162610      16742
20140608 164211      15625
20140608 165816      14356
20140608 171317      15098
20140608 172828      16880
20140608 174329      16175
20140608 175830      15897
20140608 181438      15311
20140608 183045      16338
20140608 184645      16372
20140608 190244      15155
20140608 191749      14993
20140608 193350      15340
20140608 194949      14628
20140608 200550      14357
20140608 202055      13367
20140608 203656      13661
20140608 205255      14489
20140608 210853      12281
20140608 212359      13242
20140608 213859      13933
20140608 215402      11381
20140608 220958      10540
20140608 222505      10552
20140608 224103      11131
20140608 225659      10913
20140608 231303      12005
20140608 232906      11305
20140608 234505      12002
20140609 000105      13679
20140609 001641      13557
20140609 003153      13877
20140609 004705      13684
20140609 010205      14796
20140609 011714      15334
