METRICS_TIME VALUE
1406710026 20733
1406710035 17034
1406710046 16981
1406710056 18790
1406710065 18765
1406710075 17276
1406710085 19186
1406710095 16975
1406710105 16656
1406710114 16818
1406710126 17377
1406710136 17855
1406710145 15819
1406710156 14927
1406710165 16269
1406710175 14464
1406710186 14884
1406710195 16036
1406710205 17390
1406710215 13721
1406710225 17870
1406710236 14002
1406710244 16539
1406710256 14141
1406710264 14301
1406710275 15000
1406710286 18455
1406710295 20151
1406710306 22951
1406710316 20262
1406710325 16541
1406710335 19381
1406710346 18116
1406710356 19957
1406710366 19413
1406710376 18627
1406710386 18743
1406710397 18586
1406710407 26595
1406710418 23907
1406710428 22352
1406710438 22086
1406710448 23871
1406710458 18525
1406710468 17500
1406710478 17726
1406710488 19842
1406710497 21746
1406710508 22748
1406710517 23203
1406710529 30966
1406710538 26724
1406710549 21683
1406710558 22028
1406710569 20617
1406710578 20683
1406710588 21623
1406710597 21753
1406710609 17553
1406710617 15106
1406710629 13746
1406710638 15576
1406710648 12499
1406710659 12799
1406710668 12272
1406710678 12287
1406710688 11430
1406710698 12258
1406710709 12892
1406710718 14922
1406710727 15778
1406710738 17279
1406710747 18231
1406710759 19119
1406710768 17674
1406710778 17221
1406710788 21173
1406710798 19767
1406710809 22151
1406710819 24646
1406710829 25597
1406710839 26905
1406710848 24552
1406710858 19745
1406710869 17020
1406710879 22958
1406710889 20182
1406710899 17083
1406710910 17478
1406710919 18078
1406710933 16298
1406710942 16298
1406710950 17201
1406710960 18301
1406710969 16316
1406710978 14345
1406710991 14333
1406711000 14337
1406711009 14548
1406711018 17637
1406711030 17849
1406711038 18675
1406711049 18234
1406711059 16809
1406711069 16680
1406711078 17252
1406711090 16059
1406711099 24007
1406711111 21079
1406711121 18497
1406711131 20746
1406711142 18704
1406711152 19372
1406711164 19730
1406711174 24281
1406711185 21786
1406711195 20833
1406711205 23358
1406711214 25155
1406711225 25759
1406711236 28850
1406711247 29792
1406711257 30745
1406711267 28297
1406711277 30643
1406711288 27398
1406711298 32710
1406711310 39080
1406711322 32435
1406711334 35567
1406711345 29943
1406711355 25119
1406711366 31825
1406711377 32059
1406711388 30833
1406711398 33597
1406711412 32296
1406711423 26403
1406711432 23710
1406711442 17970
1406711452 15040
1406711462 14278
1406711472 15617
1406711482 14476
1406711492 15463
1406711502 18323
1406711510 18591
1406711522 13884
1406711531 14095
1406711541 17275
1406711552 18176
1406711562 16228
1406711572 17256
1406711581 18818
1406711592 22287
1406711602 25696
1406711612 25158
1406711632 21647
1406711642 19592
1406711651 17653
1406711662 19447
1406711672 26590
1406711683 32396
1406711693 39586
1406711704 43795
1406711715 42123
1406711726 41267
1406711736 37176
1406711747 37940
1406711757 38939
1406711768 37974
1406711779 36487
1406711791 41927
1406711802 35560
1406711813 23196
1406711823 19295
1406711833 27531
1406711844 27840
1406711855 27484
1406711866 24205
1406711877 23256
1406711888 22488
1406711899 22757
1406711909 19445
1406711920 25649
1406711931 20893
1406711941 25596
1406711952 24141
1406711963 22866
1406711974 22587
1406711985 24780
1406711995 23143
1406712006 24652
1406712017 24639
1406712028 23885
1406712038 22084
1406712049 22021
1406712059 27471
1406712072 28731
1406712083 33856
1406712093 33740
1406712104 32096
1406712116 31559
1406712127 20405
1406712136 19672
1406712147 17244
1406712157 17260
1406712168 17504
1406712178 17946
1406712189 18845
1406712199 22891
1406712209 22456
1406712220 20964
1406712230 18560
1406712241 16608
1406712251 16911
1406712261 18460
1406712270 18202
1406712281 18894
1406712290 18600
1406712300 19134
1406712313 16892
1406712323 17800
1406712332 23947
1406712341 22905
1406712352 19977
1406712361 18119
1406712371 15921
1406712381 16954
1406712391 17003
1406712401 18959
1406712410 17572
1406712422 14785
1406712430 18538
1406712442 18504
1406712451 18910
1406712462 17946
1406712472 19319
1406712481 21000
1406712491 17801
1406712502 17823
1406712512 22679
1406712521 22525
1406712532 20363
1406712541 20512
1406712551 20454
1406712562 16543
1406712571 16461
1406712581 20031
1406712591 19208
1406712602 17709
1406712611 19106
1406712622 17489
1406712633 17009
1406712642 19036
1406712653 16216
1406712662 18622
1406712672 17701
1406712681 17309
1406712693 17233
1406712702 16230
1406712713 15389
1406712723 15333
1406712732 17743
1406712743 17586
1406712752 21506
1406712763 17918
1406712771 16855
1406712783 18733
1406712793 16852
1406712802 15703
1406712812 16207
1406712822 19127
1406712832 17336
1406712843 17650
1406712852 19610
1406712862 19830
1406712872 18968
1406712882 15573
1406712892 14331
1406712903 17616
1406712914 18441
1406712923 19641
1406712933 21426
1406712943 21378
1406712955 20655
1406712963 16354
1406712975 15522
1406712984 17257
1406712995 15586
1406713004 18492
1406713015 17741
1406713024 17486
1406713035 19026
1406713044 20859
1406713056 22772
1406713067 28878
1406713078 34046
1406713089 28159
1406713100 24952
1406713110 32470
1406713121 32199
1406713132 39719
1406713153 34821
1406713164 33785
1406713174 30743
1406713184 28530
1406713193 30859
1406713205 32298
1406713216 39791
1406713228 41262
1406713239 32039
1406713249 25240
1406713259 23917
1406713269 20831
1406713281 20395
1406713291 22573
1406713300 18712
1406713311 18117
1406713320 16665
1406713332 16671
1406713341 14809
1406713350 15000
1406713359 16159
1406713371 13857
1406713379 13260
1406713391 14359
1406713400 14651
1406713411 14392
1406713421 15249
1406713432 16708
1406713442 18536
1406713453 19635
1406713463 22451
1406713474 20990
1406713484 25217
1406713495 23081
1406713506 23141
1406713517 20778
1406713528 23252
1406713539 21543
1406713550 22116
1406713562 24757
1406713587 33583
1406713599 33272
1406713611 32556
1406713623 31490
1406713634 30632
1406713645 26718
1406713657 37357
1406713668 35258
1406713679 37735
1406713693 30152
1406713705 27801
1406713713 26800
1406713724 25066
1406713734 24856
1406713745 21282
1406713757 26641
1406713768 24178
1406713779 23778
1406713789 20704
1406713799 18654
1406713809 22915
1406713819 21049
1406713830 20644
1406713840 20094
1406713850 19108
1406713861 20573
1406713871 21869
1406713881 20711
1406713891 19203
1406713901 17819
1406713910 16941
1406713922 16150
1406713932 16792
1406713942 19122
1406713952 18822
1406713962 18609
1406713973 22302
1406713983 18641
1406713993 18957
1406714004 21387
1406714014 21322
1406714025 23598
1406714036 21085
1406714047 20010
1406714056 19225
1406714068 22556
1406714079 21169
1406714088 21649
1406714100 18888
1406714109 21381
1406714120 20447
1406714130 16967
1406714140 16095
1406714150 16276
1406714161 20337
1406714171 20480
1406714182 22953
1406714191 21334
1406714201 22053
1406714212 19513
1406714221 18850
1406714233 16682
1406714243 16934
1406714252 16620
1406714262 18741
1406714271 20312
1406714283 20286
1406714293 19189
1406714303 19380
1406714313 18745
1406714323 16938
1406714333 16481
1406714342 19971
1406714353 16987
1406714363 20033
1406714372 20752
1406714383 21225
1406714391 20701
1406714402 20345
1406714413 21446
1406714425 20028
1406714434 18757
1406714444 16252
1406714453 21934
1406714464 19584
1406714481 19263
1406714485 22190
1406714496 22885
1406714506 26115
1406714519 28793
1406714530 25909
1406714541 26106
1406714552 24966
1406714561 27527
1406714572 28794
1406714582 32173
1406714593 32706
1406714603 30338
1406714613 28838
1406714623 26682
1406714634 29257
1406714644 29617
1406714655 33366
1406714667 34454
1406714679 31855
1406714691 31757
1406714701 31029
1406714714 32463
1406714744 33382
1406714748 32757
1406714759 31071
1406714771 31190
1406714783 32918
1406714796 35714
1406714808 35135
1406714820 32565
1406714854 34115
1406714857 34921
1406714869 37519
1406714881 33444
1406714892 33754
1406714960 43359
1406714971 48232
1406714992 52203
1406715002 52202
1406715021 53596
1406715030 43442
1406715049 42595
1406715053 41642
1406715064 36800
1406715076 29916
1406715086 26079
1406715097 25277
1406715108 26023
1406715120 26068
1406715130 24543
1406715141 25186
1406715152 25649
1406715163 27824
1406715174 26164
1406715184 25452
1406715195 21625
1406715205 22878
1406715215 19931
1406715225 20598
1406715236 25919
1406715247 27363
1406715258 25589
1406715268 26744
1406715279 25483
1406715290 27931
1406715301 21276
1406715312 30775
1406715324 20475
1406715334 23200
1406715345 23113
1406715355 25763
1406715366 24686
1406715377 26307
1406715387 21065
1406715398 21671
1406715409 20419
1406715420 23352
1406715433 26353
1406715443 27604
1406715454 31924
1406715465 26971
1406715476 26563
1406715487 25693
1406715498 25868
1406715510 22855
1406715520 27634
1406715532 26446
1406715543 25473
1406715554 25016
1406715566 22863
1406715576 24542
1406715587 23146
1406715598 26361
1406715608 23127
1406715619 20023
1406715630 18899
1406715639 17219
1406715651 19555
1406715660 17310
1406715671 15593
1406715680 15635
1406715691 13852
1406715699 14069
1406715712 13378
1406715721 13679
1406715732 14524
1406715740 14938
1406715752 13166
1406715762 14617
1406715773 14357
1406715782 13139
1406715793 12886
1406715803 18582
1406715815 18508
1406715824 18075
1406715835 19278
1406715844 19351
1406715856 28595
1406715865 27960
1406715877 26022
1406715888 25497
1406715898 20956
1406715908 21329
1406715918 21289
1406715928 20038
1406715938 18165
1406715948 17992
1406715958 17011
1406715968 16453
1406715978 17034
1406715988 16993
1406715997 17138
1406716007 17049
1406716018 14260
1406716027 12832
1406716037 15678
1406716047 13591
1406716057 14443
1406716067 16661
1406716078 14554
1406716087 14990
1406716098 16525
1406716108 17306
1406716117 17501
1406716128 16649
1406716137 17489
1406716148 17863
1406716158 17587
1406716168 18560
1406716177 19877
1406716189 24339
1406716198 22377
1406716210 23345
1406716220 13809
1406716230 14680
1406716239 16617
1406716250 16449
1406716261 18588
1406716271 18696
1406716281 19983
1406716291 21819
1406716301 21331
1406716310 19965
1406716320 21122
1406716331 19888
1406716341 19072
1406716352 18664
1406716362 20782
1406716371 22723
1406716383 24618
1406716394 24394
1406716404 21530
1406716414 18322
1406716424 17086
1406716434 16650
1406716442 17055
1406716454 13979
1406716463 14017
1406716474 13546
1406716483 13285
1406716493 20019
1406716504 16398
1406716513 17251
1406716524 20136
1406716535 23533
1406716545 20174
1406716554 17307
1406716565 17160
1406716575 15794
1406716585 14589
1406716596 20476
1406716605 17650
1406716616 16816
1406716626 19074
1406716635 18544
1406716646 18950
1406716656 19142
1406716666 17617
1406716676 18565
1406716685 19504
1406716697 22010
1406716707 21653
1406716716 23427
1406716727 14796
1406716737 16305
1406716746 18374
1406716756 14868
1406716767 16346
1406716778 15103
1406716788 15859
1406716798 17670
1406716808 17923
1406716818 17539
1406716828 20071
1406716838 24970
1406716848 17756
1406716857 22212
1406716868 18238
1406716878 17875
1406716887 18171
1406716897 17031
1406716908 17286
1406716918 16861
1406716926 15376
1406716937 16499
1406716948 18538
1406716957 18026
1406716968 17668
1406716976 18348
1406716988 17761
1406716996 17158
1406717008 16178
1406717018 15454
1406717027 16575
1406717037 19343
1406717047 15784
1406717057 16849
1406717068 20440
1406717077 18325
1406717088 18944
1406717097 19033
1406717107 17803
1406717118 17816
1406717129 16351
1406717138 19692
1406717149 17402
1406717158 15576
1406717169 15637
1406717178 16823
1406717188 17078
1406717198 15516
1406717208 15570
1406717217 17207
1406717229 19235
1406717237 24918
1406717250 28791
1406717259 33677
1406717270 30603
1406717280 29502
1406717293 36322
1406717303 40522
1406717315 38636
1406717325 27733
1406717335 19964
1406717346 25422
1406717356 25192
1406717366 23979
1406717376 22889
1406717386 25163
1406717396 25989
1406717406 27914
1406717417 27721
1406717429 23556
1406717439 20623
1406717448 16835
1406717459 15324
1406717468 12699
1406717479 13827
1406717488 14445
1406717499 14713
1406717508 17626
1406717519 17423
1406717529 16153
1406717539 13409
1406717549 17148
1406717559 14283
1406717568 12220
1406717579 12619
1406717588 14647
1406717600 15112
1406717610 16160
1406717620 16857
1406717630 14770
1406717640 15938
1406717650 21916
1406717660 22049
1406717670 21334
1406717681 25185
1406717692 26953
1406717702 24664
1406717713 24184
1406717724 25977
1406717735 32956
1406717745 29040
1406717757 33559
1406717766 35440
1406717778 35683
1406717790 34268
1406717801 32435
1406717812 33046
1406717823 39831
1406717835 39849
1406717846 30213
1406717857 33210
1406717868 29178
1406717879 28043
1406717889 27406
1406717901 30956
1406717912 34135
1406717923 34231
1406717934 35350
1406717945 36736
1406717956 33043
1406717968 29835
1406717980 33565
1406717991 35310
1406718025 42389
1406718028 42191
1406718040 36828
1406718051 32930
1406718062 30590
1406718075 34719
1406718087 37676
1406718099 36394
1406718110 33719
1406718122 33648
1406718134 36533
1406718183 32514
1406718195 27238
1406718206 27175
1406718217 22456
1406718228 22686
1406718238 21636
1406718249 23753
1406718259 36058
1406718271 35080
1406718282 33276
1406718294 28547
1406718305 32510
1406718316 44105
1406718327 44298
1406718337 36583
1406718348 35397
1406718358 30141
1406718369 31269
1406718381 29518
1406718392 29330
1406718404 28125
1406718415 28095
1406718426 27325
1406718438 25073
1406718448 23057
1406718459 27653
1406718470 24749
1406718481 24078
1406718492 20087
1406718502 17923
1406718512 21603
1406718523 20834
1406718533 19508
1406718544 16520
1406718553 16843
1406718564 19358
1406718574 17973
1406718584 15938
1406718594 17035
1406718604 32658
1406718615 32543
1406718627 31944
1406718638 27171
1406718650 25967
1406718662 23257
1406718673 21698
1406718684 22222
1406718696 27337
1406718706 29166
1406718719 23106
1406718730 18719
1406718740 20421
1406718750 19295
1406718761 19053
1406718772 19853
1406718784 24758
1406718794 24123
1406718805 23182
1406718816 20200
1406718825 20288
1406718837 20713
1406718848 22360
1406718858 19581
1406718869 22402
1406718892 22633
1406718903 19004
1406718913 16407
1406718922 18736
1406718934 18541
1406718944 24409
1406718956 21969
1406718967 21265
1406718977 20403
1406718988 21496
1406718998 18751
1406719008 17309
1406719019 20502
1406719031 22375
1406719043 21787
1406719052 21837
1406719072 22115
1406719081 21392
1406719092 19437
1406719102 22538
1406719112 16968
1406719122 17194
1406719132 19123
1406719141 19516
1406719152 15992
1406719162 15399
1406719172 16882
1406719181 19025
1406719192 20041
1406719202 21335
1406719213 22047
1406719222 15964
1406719234 15689
1406719244 18546
1406719254 15747
1406719264 18412
1406719274 20009
1406719284 17713
1406719294 18708
1406719304 22947
1406719314 25086
1406719325 21342
1406719334 25857
1406719346 24772
1406719357 24864
1406719368 30923
1406719378 24428
1406719391 29173
1406719402 30857
1406719412 29838
1406719423 27167
1406719434 21333
1406719444 27531
1406719455 25862
1406719466 26140
1406719476 17316
1406719487 19381
1406719497 19492
1406719508 23895
1406719518 22909
1406719527 20261
1406719539 22760
1406719548 25007
1406719559 25064
1406719569 25765
1406719581 25335
1406719590 22636
1406719601 22396
1406719610 21325
1406719622 20269
1406719631 23170
1406719642 20945
1406719652 18506
1406719662 18235
1406719671 17537
1406719682 12527
1406719692 13782
1406719703 18020
1406719712 28095
1406719721 27177
1406719732 23134
1406719741 19668
1406719752 19149
1406719763 18196
1406719771 18002
1406719782 17983
1406719793 23675
1406719802 28037
1406719814 26562
1406719824 27538
1406719835 24055
1406719846 23612
1406719856 22784
1406719866 25166
1406719877 25988
1406719889 28115
1406719901 26821
1406719912 27438
1406719923 23122
1406719933 21129
1406719943 18419
1406719953 21051
1406719963 19490
1406719973 20100
1406719984 18039
1406719993 18227
1406720004 20108
1406720014 17639
1406720024 18880
1406720034 18989
1406720044 21858
1406720055 23991
1406720066 20836
1406720076 18336
1406720087 18119
1406720097 21021
1406720107 21977
1406720117 21609
1406720129 20639
1406720138 19394
1406720150 20998
1406720159 19845
1406720171 19469
1406720181 19255
1406720190 19008
1406720201 19222
1406720211 19146
1406720221 16463
1406720231 17363
1406720241 18890
1406720251 23298
1406720261 23285
1406720272 22527
1406720282 22488
1406720293 22851
1406720303 23537
1406720313 22219
1406720323 21767
1406720333 19885
1406720343 20561
1406720354 21917
1406720365 24013
1406720375 21745
1406720384 20134
1406720396 19618
1406720406 20752
1406720416 19804
1406720427 20729
1406720438 24091
1406720448 19880
1406720459 19270
1406720468 17689
1406720479 20471
1406720490 18913
1406720499 19386
1406720511 19712
1406720521 18162
1406720542 16028
1406720550 15715
1406720561 14676
1406720571 14486
1406720580 15231
1406720591 16872
1406720601 18961
1406720611 22536
1406720622 22427
1406720633 19381
1406720643 19548
1406720653 16051
1406720663 14749
1406720673 16536
1406720683 17858
1406720693 17266
1406720703 18689
1406720714 21231
1406720724 16815
1406720735 21256
1406720746 20858
1406720756 18833
1406720766 20562
1406720777 22733
1406720787 23082
1406720798 34151
1406720810 28017
1406720821 30760
