METRICS_TIME VALUE
1406710026 219249
1406710035 219312
1406710046 219205
1406710056 232332
1406710065 237456
1406710075 237988
1406710085 239687
1406710095 235975
1406710105 233979
1406710114 249055
1406710126 244780
1406710136 243840
1406710145 243640
1406710156 249150
1406710165 253455
1406710175 259872
1406710186 257685
1406710195 253566
1406710205 251050
1406710215 237376
1406710225 231337
1406710236 216735
1406710244 227984
1406710256 210958
1406710264 216117
1406710275 228722
1406710286 223986
1406710295 228881
1406710306 229712
1406710316 217815
1406710325 219200
1406710335 241266
1406710346 269059
1406710356 291844
1406710366 304992
1406710376 294831
1406710386 297189
1406710397 306934
1406710407 303333
1406710418 311399
1406710428 305148
1406710438 285263
1406710448 271637
1406710458 275705
1406710468 270666
1406710478 266454
1406710488 256865
1406710497 279300
1406710508 274795
1406710517 280196
1406710529 302376
1406710538 289434
1406710549 263370
1406710558 259262
1406710569 253617
1406710578 265458
1406710588 268760
1406710597 259461
1406710609 244642
1406710617 253251
1406710629 244544
1406710638 249153
1406710648 244381
1406710659 240148
1406710668 243257
1406710678 248218
1406710688 238633
1406710698 235740
1406710709 229233
1406710718 243703
1406710727 242047
1406710738 246216
1406710747 254671
1406710759 247050
1406710768 236349
1406710778 227906
1406710788 234793
1406710798 247594
1406710809 235688
1406710819 238450
1406710829 242614
1406710839 237155
1406710848 234099
1406710858 226934
1406710869 225300
1406710879 229053
1406710889 241651
1406710899 261384
1406710910 283930
1406710919 289582
1406710933 260118
1406710942 252823
1406710950 253523
1406710960 264375
1406710969 264922
1406710978 252816
1406710991 227807
1406711000 225165
1406711009 212684
1406711018 208133
1406711030 203061
1406711038 223136
1406711049 227660
1406711059 220721
1406711069 233265
1406711078 244795
1406711090 259007
1406711099 261517
1406711111 258002
1406711121 260446
1406711131 305655
1406711142 312252
1406711152 319158
1406711164 346124
1406711174 338696
1406711185 313388
1406711195 283815
1406711205 286593
1406711214 290122
1406711225 286324
1406711236 306345
1406711247 324115
1406711257 303917
1406711267 293805
1406711277 306974
1406711288 323023
1406711298 349192
1406711310 381251
1406711322 390662
1406711334 405181
1406711345 369811
1406711355 354542
1406711366 395329
1406711388 398054
1406711399 405440
1406711412 392723
1406711423 365981
1406711432 323995
1406711442 298758
1406711452 275786
1406711462 261401
1406711472 262066
1406711482 259183
1406711492 240250
1406711502 243948
1406711510 244024
1406711522 229192
1406711531 235934
1406711541 250622
1406711552 263752
1406711562 263031
1406711572 270877
1406711581 268234
1406711592 270595
1406711602 292612
1406711612 303595
1406711621 282202
1406711632 282594
1406711642 281780
1406711651 283118
1406711662 291330
1406711672 298965
1406711683 316305
1406711693 334152
1406711704 346494
1406711715 361636
1406711726 364533
1406711736 349648
1406711747 346842
1406711757 334873
1406711768 335384
1406711779 352049
1406711791 404609
1406711802 392246
1406711813 339801
1406711823 320882
1406711833 311452
1406711844 334097
1406711855 358546
1406711866 351586
1406711877 346211
1406711888 336972
1406711899 336187
1406711909 328457
1406711920 339388
1406711931 345647
1406711941 339075
1406711952 344180
1406711963 346636
1406711974 346838
1406711985 344834
1406711995 342689
1406712006 352405
1406712017 358461
1406712028 343619
1406712038 329244
1406712049 322331
1406712059 342581
1406712072 347907
1406712083 351861
1406712093 355037
1406712104 341662
1406712116 337747
1406712127 313224
1406712136 308907
1406712147 298901
1406712157 314725
1406712168 310852
1406712178 309964
1406712189 308100
1406712199 312944
1406712209 314356
1406712220 315748
1406712230 301987
1406712241 301641
1406712251 294697
1406712261 288020
1406712270 291577
1406712281 287288
1406712290 282973
1406712300 279640
1406712313 265374
1406712323 267264
1406712332 275635
1406712341 276963
1406712352 240173
1406712361 240140
1406712371 238783
1406712381 241097
1406712391 230780
1406712401 229770
1406712410 228993
1406712422 233627
1406712430 238054
1406712442 242615
1406712451 271511
1406712462 272081
1406712472 270167
1406712481 275180
1406712491 273201
1406712502 257052
1406712512 252739
1406712521 259922
1406712532 256829
1406712541 262661
1406712551 257451
1406712562 260095
1406712571 260377
1406712581 238093
1406712591 243811
1406712602 235831
1406712611 253809
1406712622 279302
1406712633 290732
1406712642 267906
1406712653 225028
1406712662 227859
1406712672 220693
1406712681 225295
1406712693 234945
1406712702 265832
1406712713 262637
1406712723 256419
1406712732 263234
1406712743 261831
1406712752 261228
1406712763 262779
1406712771 266257
1406712783 260214
1406712793 263693
1406712802 265941
1406712812 239665
1406712822 257181
1406712832 250646
1406712843 239488
1406712852 254002
1406712862 240458
1406712872 238971
1406712882 231349
1406712892 245500
1406712903 296708
1406712914 313479
1406712923 302400
1406712933 303767
1406712943 295794
1406712955 288903
1406712963 295046
1406712975 281908
1406712984 293135
1406712995 283282
1406713004 278329
1406713015 264297
1406713024 258573
1406713035 263266
1406713044 286378
1406713056 317660
1406713067 320646
1406713078 347571
1406713089 333686
1406713100 341771
1406713110 344272
1406713121 343427
1406713132 355466
1406713143 323358
1406713153 322330
1406713164 323292
1406713174 307994
1406713184 273619
1406713193 287851
1406713205 337223
1406713216 389792
1406713228 417789
1406713239 391548
1406713249 352423
1406713259 317311
1406713269 299567
1406713281 295484
1406713291 292128
1406713300 308613
1406713311 300005
1406713320 290716
1406713332 271873
1406713341 267936
1406713350 288435
1406713359 263851
1406713371 249297
1406713379 249408
1406713391 251476
1406713400 265635
1406713411 280034
1406713421 289099
1406713432 304338
1406713442 318323
1406713453 320489
1406713463 319184
1406713474 356958
1406713484 366169
1406713495 350288
1406713506 360191
1406713517 366911
1406713528 389137
1406713540 387030
1406713550 389125
1406713562 407039
1406713587 461779
1406713599 452181
1406713611 433218
1406713623 429523
1406713634 401477
1406713645 388140
1406713657 403797
1406713668 397669
1406713679 415852
1406713693 386832
1406713705 386989
1406713713 378941
1406713724 352852
1406713734 345835
1406713745 364636
1406713757 377280
1406713768 362750
1406713779 319634
1406713789 299295
1406713799 299370
1406713809 312904
1406713819 311333
1406713830 343980
1406713840 332241
1406713850 336039
1406713861 330276
1406713871 309151
1406713881 293173
1406713891 291563
1406713910 293275
1406713922 293300
1406713932 285644
1406713942 291011
1406713952 299403
1406713962 305651
1406713973 307573
1406713983 292184
1406713993 290645
1406714004 293201
1406714014 296778
1406714025 311468
1406714036 334750
1406714047 339770
1406714056 334488
1406714068 326237
1406714079 324379
1406714088 312618
1406714100 288023
1406714109 301698
1406714120 287036
1406714130 289797
1406714140 280547
1406714150 296425
1406714161 290934
1406714171 290117
1406714182 295222
1406714191 292391
1406714201 292045
1406714212 286772
1406714221 283300
1406714233 277349
1406714243 270725
1406714252 273153
1406714262 286881
1406714271 293258
1406714283 301181
1406714293 296273
1406714303 301004
1406714313 299149
1406714323 285375
1406714333 278184
1406714342 274115
1406714353 265296
1406714363 261414
1406714372 252281
1406714383 246634
1406714391 249009
1406714402 265144
1406714413 277068
1406714425 305433
1406714434 302089
1406714444 286563
1406714453 291948
1406714464 272039
1406714481 291413
1406714485 316083
1406714496 341873
1406714506 364475
1406714519 392548
1406714530 393557
1406714541 378525
1406714552 360884
1406714561 345159
1406714572 326530
1406714582 323410
1406714593 305992
1406714603 300643
1406714613 299279
1406714623 304151
1406714634 316930
1406714644 312853
1406714655 330127
1406714667 374862
1406714679 379945
1406714691 389549
1406714701 397043
1406714714 418384
1406714744 455500
1406714748 447712
1406714759 418293
1406714771 426675
1406714783 446263
1406714796 442464
1406714808 449383
1406714820 435139
1406714854 466535
1406714857 466044
1406714869 451711
1406714881 440663
1406714892 432232
1406714960 489653
1406714971 534081
1406714992 590148
1406715002 605641
1406715021 604157
1406715030 610752
1406715049 567814
1406715053 548669
1406715064 468995
1406715076 416680
1406715086 384425
1406715097 369229
1406715108 373617
1406715120 353715
1406715130 329503
1406715141 333778
1406715152 364930
1406715163 376480
1406715174 372000
1406715184 339074
1406715195 328790
1406715205 322385
1406715215 309526
1406715225 311434
1406715236 350468
1406715247 352337
1406715258 337274
1406715268 340199
1406715279 348816
1406715290 357199
1406715301 345198
1406715312 354241
1406715324 338972
1406715334 339159
1406715345 339878
1406715355 335156
1406715366 337921
1406715377 332495
1406715387 344528
1406715398 344265
1406715409 360258
1406715420 347059
1406715433 323536
1406715443 318936
1406715454 353472
1406715465 337375
1406715476 349700
1406715487 354490
1406715498 363584
1406715510 376958
1406715520 377091
1406715532 391299
1406715543 394959
1406715554 379803
1406715566 374150
1406715576 359704
1406715587 351352
1406715598 326060
1406715608 325924
1406715619 343269
1406715630 348771
1406715639 316942
1406715651 316826
1406715660 286930
1406715671 261962
1406715680 258775
1406715691 249209
1406715699 272272
1406715712 282382
1406715721 267597
1406715732 280749
1406715740 286804
1406715752 280838
1406715762 287976
1406715773 303034
1406715782 303139
1406715793 295239
1406715803 319381
1406715815 310077
1406715824 298433
1406715835 298366
1406715844 286694
1406715856 296740
1406715865 302312
1406715877 302452
1406715888 293489
1406715898 284772
1406715908 267143
1406715918 266848
1406715928 271687
1406715938 263250
1406715948 257492
1406715958 282914
1406715968 279136
1406715978 289766
1406715988 301525
1406715997 291146
1406716007 262795
1406716018 240305
1406716027 235081
1406716037 250728
1406716047 241390
1406716057 230582
1406716067 248722
1406716078 245123
1406716087 249090
1406716098 248653
1406716108 250081
1406716117 240873
1406716128 242766
1406716137 259692
1406716148 271929
1406716158 279028
1406716168 283101
1406716177 292584
1406716189 295516
1406716198 303423
1406716210 310289
1406716220 306518
1406716230 306179
1406716239 302767
1406716250 307120
1406716261 300206
1406716271 283342
1406716281 274868
1406716291 266514
1406716301 257778
1406716310 257355
1406716320 267356
1406716331 273405
1406716341 282939
1406716352 295919
1406716362 289462
1406716371 309300
1406716383 329557
1406716394 330404
1406716404 319296
1406716414 290152
1406716424 268942
1406716434 275334
1406716442 264274
1406716454 237928
1406716463 232677
1406716474 225375
1406716483 225150
1406716493 248433
1406716504 237865
1406716513 245767
1406716524 260845
1406716535 276238
1406716545 272914
1406716554 269818
1406716565 274454
1406716575 281906
1406716585 286914
1406716596 290136
1406716605 270320
1406716616 235589
1406716626 226704
1406716635 242578
1406716646 265957
1406716656 268530
1406716666 259178
1406716676 261720
1406716685 262785
1406716697 257287
1406716707 252069
1406716716 245068
1406716727 246969
1406716737 250053
1406716746 267953
1406716756 281145
1406716767 291175
1406716778 312669
1406716788 301788
1406716798 277808
1406716808 271703
1406716818 247955
1406716828 263567
1406716838 265448
1406716848 255091
1406716857 257556
1406716868 255379
1406716878 266047
1406716887 260272
1406716897 238218
1406716908 231278
1406716918 235472
1406716926 253184
1406716937 256598
1406716948 255034
1406716957 250497
1406716968 245471
1406716976 245001
1406716988 233538
1406716996 232856
1406717008 230616
1406717018 228614
1406717027 239779
1406717037 248315
1406717047 241704
1406717057 246358
1406717068 238865
1406717077 231638
1406717088 235534
1406717097 251683
1406717107 279029
1406717118 316454
1406717129 326581
1406717138 279857
1406717149 284158
1406717158 286278
1406717169 277223
1406717178 268944
1406717188 268825
1406717198 257747
1406717208 239293
1406717217 248272
1406717229 242369
1406717237 268476
1406717250 281645
1406717259 287271
1406717270 291817
1406717280 304803
1406717293 343733
1406717303 373466
1406717315 363372
1406717325 327644
1406717335 314084
1406717346 333911
1406717356 331332
1406717366 300097
1406717376 281976
1406717386 285492
1406717396 279924
1406717406 304253
1406717417 336905
1406717429 341985
1406717439 312942
1406717448 296279
1406717459 286589
1406717468 273458
1406717479 278523
1406717488 282741
1406717499 281559
1406717508 286557
1406717519 283367
1406717529 277867
1406717539 272839
1406717549 262744
1406717559 258761
1406717568 251868
1406717579 244562
1406717588 258812
1406717600 256117
1406717610 251306
1406717620 249640
1406717630 260807
1406717640 267146
1406717650 265782
1406717660 281033
1406717670 288681
1406717681 307699
1406717692 327372
1406717702 330995
1406717713 351910
1406717724 369110
1406717735 368431
1406717745 346751
1406717757 346098
1406717766 338117
1406717778 359539
1406717790 396495
1406717801 390095
1406717812 385584
1406717823 394943
1406717835 401722
1406717846 375453
1406717857 372114
1406717868 347108
1406717879 339041
1406717889 338930
1406717901 363006
1406717912 377164
1406717923 369523
1406717934 361833
1406717945 366337
1406717956 377207
1406717968 424121
1406717980 423446
1406717991 420753
1406718025 480001
1406718028 477910
1406718040 435658
1406718051 416481
1406718062 389374
1406718075 413694
1406718087 438922
1406718099 414858
1406718110 387681
1406718122 387579
1406718134 387378
1406718183 419724
1406718195 410036
1406718206 395869
1406718217 378619
1406718228 376704
1406718238 368427
1406718249 365582
1406718259 372008
1406718271 387659
1406718282 384740
1406718294 366634
1406718305 350053
1406718316 339513
1406718327 332933
1406718337 338616
1406718348 351360
1406718358 338230
1406718369 360545
1406718381 389680
1406718392 405032
1406718404 394830
1406718415 403484
1406718426 397107
1406718438 378965
1406718448 362360
1406718459 372473
1406718470 380166
1406718481 374366
1406718492 342498
1406718502 358664
1406718512 365260
1406718523 372193
1406718533 366456
1406718544 332973
1406718553 306624
1406718564 284943
1406718574 278162
1406718584 277055
1406718594 282222
1406718604 315521
1406718615 332211
1406718627 361217
1406718638 347324
1406718650 382158
1406718662 384358
1406718673 350087
1406718684 347650
1406718696 367308
1406718706 376314
1406718719 367804
1406718730 337214
1406718740 320808
1406718750 322059
1406718761 327016
1406718772 329397
1406718784 326243
1406718794 316966
1406718805 308638
1406718816 301061
1406718825 311449
1406718837 335991
1406718848 342943
1406718858 324916
1406718869 343754
1406718892 331692
1406718903 315150
1406718913 300574
1406718922 302254
1406718934 307536
1406718944 343406
1406718956 341540
1406718967 319687
1406718977 308212
1406718988 301341
1406718998 290030
1406719008 291265
1406719019 313970
1406719031 335114
1406719043 331837
1406719052 313621
1406719062 285238
1406719072 272728
1406719081 271054
1406719092 270962
1406719102 262684
1406719112 275233
1406719122 269590
1406719132 272438
1406719141 275208
1406719152 257820
1406719162 251033
1406719172 250216
1406719181 248697
1406719192 251866
1406719202 269768
1406719213 275508
1406719222 279724
1406719234 267232
1406719244 265444
1406719254 255885
1406719264 254991
1406719274 249927
1406719284 242333
1406719294 250810
1406719304 288973
1406719314 300272
1406719325 279778
1406719334 277196
1406719346 289470
1406719357 304245
1406719368 307834
1406719378 307793
1406719391 328401
1406719402 339540
1406719412 331773
1406719423 319538
1406719434 315958
1406719444 310326
1406719455 300582
1406719466 296800
1406719476 275814
1406719487 265333
1406719497 250672
1406719508 246549
1406719518 238041
1406719527 242968
1406719539 248178
1406719548 250247
1406719559 265226
1406719569 275570
1406719581 280388
1406719590 264022
1406719601 258353
1406719610 252965
1406719622 253964
1406719631 260401
1406719642 273743
1406719652 285003
1406719662 279434
1406719671 270392
1406719682 216545
1406719692 209958
1406719703 229978
1406719712 250186
1406719721 248888
1406719732 238945
1406719741 231228
1406719752 229913
1406719763 235781
1406719771 249351
1406719782 297268
1406719793 312878
1406719802 315733
1406719814 324001
1406719824 328168
1406719835 339272
1406719846 320347
1406719856 305415
1406719866 335935
1406719877 366055
1406719889 439668
1406719901 443446
1406719912 355406
1406719923 319112
1406719933 303964
1406719943 291341
1406719953 291289
1406719963 282172
1406719973 302912
1406719984 325050
1406719993 299163
1406720004 263828
1406720014 248573
1406720024 254254
1406720034 258927
1406720044 297036
1406720055 327129
1406720066 307764
1406720076 301170
1406720087 298696
1406720097 291301
1406720107 300954
1406720117 335206
1406720129 338927
1406720138 326619
1406720150 316985
1406720159 298205
1406720171 285286
1406720181 297002
1406720190 309518
1406720201 307184
1406720211 298024
1406720221 271383
1406720231 267157
1406720241 272337
1406720251 289602
1406720261 290691
1406720272 312844
1406720282 300811
1406720293 293478
1406720303 282487
1406720313 276793
1406720323 288252
1406720333 282253
1406720343 303234
1406720354 334680
1406720365 329696
1406720375 335884
1406720384 331180
1406720396 313941
1406720406 293189
1406720416 290232
1406720427 357605
1406720438 370264
1406720448 350029
1406720459 352050
1406720468 317294
1406720479 292928
1406720490 304875
1406720499 299251
1406720511 291025
1406720521 280546
1406720531 269396
1406720542 264089
1406720550 256129
1406720561 242452
1406720571 249561
1406720580 269929
1406720591 276922
1406720601 300150
1406720611 318789
1406720622 323269
1406720633 315809
1406720643 304976
1406720653 297801
1406720663 291448
1406720673 294502
1406720683 307114
1406720693 321379
1406720703 326891
1406720714 332608
1406720724 321496
1406720735 317705
1406720746 319087
1406720756 322615
1406720766 318377
1406720777 313794
1406720787 323381
1406720798 357804
1406720810 379809
1406720821 353349
