?start=2014/07/20-01:47:05&end=2014/07/30-02:47:05
1405846091 97.76183950914292
1405847279 98.17285864693778
1405847869 97.98873144864231
1405849057 95.52050661213053
1405849655 96.73683707767063
1405850857 105.48160298665366
1405851458 107.63173457008845
1405852655 105.95105893066611
1405853255 105.17863877282292
1405854474 105.2792897453751
1405855064 106.01846885467563
1405856260 108.41414959306049
1405856862 110.3730628958794
1405858057 115.8729174321535
1405858659 122.54789876541602
1405859862 135.8928794259937
1405860500 133.3218466565221
1405861651 125.10994071004119
1405862295 126.18390084030422
1405863512 130.42172877065013
1405864081 129.8959567944666
1405865250 124.57113523919182
1405865875 123.49561297554362
1405867148 127.5179505524812
1405867684 128.49391240425913
1405868856 127.49694891233702
1405869460 127.89761078968345
1405870652 129.30241629289347
1405871354 129.09215035335393
1405872455 130.23958505473496
1405873067 133.1313715836464
1405874250 137.42594371768212
1405874874 136.90314994098472
1405876057 134.00923762063218
1405876665 133.5046769868035
1405877874 135.04622612638846
1405878455 134.86292815671254
1405879677 130.8378167461148
1405880262 129.67452913771487
1405881474 131.6425800503725
1405882061 133.95090290883954
1405883254 139.24913394504125
1405883861 144.28361457484596
1405885071 153.59900789482649
1405885753 151.58365488744982
1405886861 144.53895698894155
1405887513 140.37285122672165
1405888656 132.81792736621438
1405889360 129.67753680231291
1405890468 121.54731906135127
1405891056 117.16766475156821
1405892263 112.15726540995911
1405892864 109.46160570498179
1405894065 102.05281241637744
1405894665 99.86614005283357
1405895864 99.98221667819553
1405896465 99.07826264468301
1405897653 93.73264485926717
1405898258 91.17960852673286
1405899511 90.05243281926701
1405900061 92.96290805954689
1405901252 101.29610594692609
1405901873 102.27580342218775
1405903056 101.90648090251358
1405903657 102.70922680134503
1405904854 103.99115237904493
1405908457 108.16378610944405
1405909074 105.88083498515105
1405910253 96.60350681875335
1405910873 93.39858852762212
1405912050 91.92823259414612
1405912656 91.2243095423282
1405913857 88.36748942057292
1405914456 87.64249330308702
1405915657 86.921020227506
1405916266 85.31576549466803
1405917467 81.04008366383209
1405918097 80.41026056951014
1405919258 80.78606115474943
1405919908 81.40045392692188
1405921057 86.23245344595475
1405921668 88.87570141528741
1405922859 91.27320436502019
1405923469 93.11102722033974
1405924681 100.12867180942222
1405925256 103.13204922051816
1405926476 103.50746847982222
1405927061 102.41476942476459
1405928254 102.47257374632841
1405928864 103.20416651312703
1405930071 104.06552872826568
1405930672 105.42122804271355
1405931858 111.97538604156776
1405932515 116.01421508533757
1405933651 120.58717595840935
1405934260 121.02669275196205
1405935458 121.72408573184393
1405936068 124.10006961822509
1405937258 132.32335864372973
1405937870 138.120237407748
1405939056 146.44917810338015
1405939683 144.8364980758132
1405940853 136.72353221184045
1405941474 134.0304768654403
1405942655 129.84470980095142
1405943289 129.0691027832031
1405944455 132.146201855166
1405945063 132.65309756112677
1405946267 130.52275442219468
1405946870 131.1452475999083
1405948059 139.20125629386604
1405948656 144.6534968257016
1405949876 148.67843846154054
1405950460 146.41802799809085
1405951652 139.17804120198207
1405952262 136.7504101747966
1405953462 137.51448945856015
1405954061 140.0964900240872
1405955292 144.65955698569792
1405955857 146.07765176227673
1405957135 150.3354540589486
1405957676 149.73826864844818
1405958918 141.51794032204492
1405959457 140.12091252688327
1405960673 143.19548856198492
1405961280 145.10838273462977
1405962580 148.15646967424175
1405963059 148.91579350257987
1405964255 149.5596942631213
1405964893 148.98197881910536
1405966055 148.78834406043336
1405966704 146.9644909318518
1405967854 143.08201850269717
1405968472 149.37611286240417
1405969685 168.52848545238834
1405970259 165.9585641898361
1405971470 144.4556241061748
1405972073 137.8403217409222
1405973305 132.44992121833772
1405973872 131.60578111023682
1405975054 132.37874581995982
1405975665 132.75736956835422
1405976949 130.16197948010267
1405977463 127.46537340380343
1405978652 120.95432399300968
1405979435 118.6482827549637
1405980454 114.15030611333546
1405981056 110.03780165212814
1405982268 106.2367180120068
1405982891 106.11864013377303
1405984081 103.40444141204229
1405984656 102.78561340460257
1405985866 105.34365811968775
1405986461 106.69496500545553
1405987650 108.28157343346763
1405988294 108.78208300897984
1405989480 111.66438103585222
1405990062 113.43783276310515
1405991257 113.50709221213144
1405991859 112.58373919823217
1405993061 112.6900520324707
1405993662 112.36835736409225
1405994947 107.59944028509028
1405995457 103.82584715726082
1405996657 94.15861734282535
1405997263 91.81421279907227
1405998475 89.99742666224296
1405999056 90.98670181156456
1406000286 96.02612297804777
1406000885 95.75714025889211
1406002063 92.36387563196028
1406002656 92.40351896171612
1406003897 95.6029599028611
1406004461 96.6581683884319
1406005652 94.19141148194853
1406006259 91.93818283081055
1406007473 90.34191076013425
1406008071 89.91174536377844
1406009254 87.61599894537443
1406009865 87.88545298395931
1406011104 94.49269375753244
1406011659 97.62944027953617
1406012870 99.29057048856555
1406013471 97.91380651373612
1406014656 95.86564914473978
1406015267 97.97445745053498
1406016450 104.14253709111748
1406017109 105.82816552616677
1406018265 106.64776855765038
1406018860 106.81660605967045
1406020057 107.86810347982843
1406020681 107.27906499129875
1406021892 106.94125254152863
1406022458 109.714212406753
1406023650 114.53427352650536
1406024255 115.01225709756744
1406025456 117.03947318999072
1406026181 118.61520270043059
1406030883 123.91082339463077
1406031456 123.82791813848783
1406032650 123.6327081527076
1406033261 123.58101390511045
1406034455 126.44699265030789
1406035076 128.9811205291748
1406036255 129.65088442124818
1406036900 128.8364334422406
1406038066 130.0928422346414
1406038655 131.74070066789997
1406039855 133.7781045710963
1406040499 134.17605181193989
1406041684 135.67741296972548
1406042291 139.79495412343852
1406043478 150.07395412913985
1406044097 149.29409043037873
1406045297 139.98262571335914
1406045874 137.24044425073174
1406047052 139.44820115755007
1406047655 141.1603709866156
1406048895 135.52348309581464
1406049472 132.59408994280426
1406050685 131.39277706953314
1406051339 135.2498077668132
1406052457 149.5464199576408
1406053066 149.98913095163743
1406054263 136.6127132938857
1406054860 133.09089489684854
1406056057 129.7168536136025
1406056665 129.03907426532948
1406057862 133.68417353962744
1406058471 136.80536066932743
1406059651 137.75964040063613
1406060261 134.8695685170128
1406061470 130.73200862175594
1406062069 129.29177738741964
1406063259 121.97218934464826
1406063865 117.95065748691559
1406065051 115.63541989965265
1406065664 115.75275012364531
1406066853 110.29715695144475
1406067457 106.65777913230714
1406068654 103.09542820608766
1406069286 102.76326905992296
1406070454 103.08121473295195
1406071062 102.67980933811353
1406072294 103.51906869371952
1406072872 104.27766752297167
1406074056 102.17681349511909
1406074658 101.15956019346888
1406075853 103.44210420222824
1406076463 104.96997301430966
1406077695 107.40367686517351
1406078268 107.0026788462575
1406079457 102.10646415485681
1406080067 101.34773403106638
1406081268 102.04872998845943
1406081862 101.06979912945516
1406085469 93.67902170039312
1406086696 89.37173382989292
1406087267 87.01006649463321
1406088458 84.91878880188904
1406089068 85.72837617083496
1406090289 88.69536049790469
1406090871 89.85782930976751
1406092052 90.33764378362898
1406092662 90.363584233911
1406093862 92.7321983516017
1406094456 93.68545505146264
1406095651 92.38538741223798
1406096269 92.1978270594279
1406097451 98.15658706032816
1406098055 101.54639896888048
1406099292 101.38147475646804
1406099860 98.38441569646561
1406101051 90.93234659071585
1406101669 90.18154097637115
1406102850 91.12832217675194
1406103457 91.298673733948
1406104699 97.54004817480279
1406105268 101.24402319593857
1406106462 102.80976973404641
1406107072 102.0810378729964
1406108252 105.11685083177355
1406108872 108.35330029337476
1406110056 110.71080839133171
1406110705 109.72761551301082
1406111859 111.31768678432137
1406112473 113.9870735503815
1406113679 116.05047785581974
1406114278 116.09682044575952
1406115460 115.5521289812738
1406116080 114.8697652875085
1406117259 114.55634618529587
1406117858 116.69912424415648
1406119061 137.4727067603959
1406119663 147.0159549391613
1406120900 133.61062846701788
1406121458 123.17919437868991
1406122656 115.39123602624198
1406123256 115.96419072705646
1406124462 121.77332335868768
1406125064 126.25412331748788
1406126265 135.55751745288316
1406126873 136.50005416274735
1406128059 133.7793454597333
1406128666 136.2669410514087
1406129852 140.03579234660452
1406130498 136.38631982718948
1406131660 131.14259416884897
1406132257 132.26533519789552
1406133453 133.27010574595417
1406134055 131.7742156982422
1406135259 132.08227867661492
1406135866 134.5425198543676
1406137113 135.6432279834326
1406137723 133.20000369597898
1406138861 131.88591877407498
1406139523 132.13115033313522
1406142459 129.53388856790832
1406143063 131.1936082877198
1406144252 136.1837843831945
1406144864 140.55980947525774
1406146082 151.8302380616051
1406146658 149.8243540754222
1406147864 135.20846866415985
1406148469 131.13745987467829
1406149680 126.99573230638029
1406150279 125.61295610454721
1406151455 123.80381708187907
1406152063 124.55788660368037
1406153251 127.64645021869087
1406153884 123.82583218922036
1406155054 113.26401658491655
1406155666 111.10339877122229
1406156850 105.8528000047944
1406157461 101.79930728984169
1406158656 95.53312214175793
1406159258 94.25284201746864
1406160451 96.29610393450201
1406161063 97.1082161539826
1406162261 97.0670102311647
1406162884 97.5317884699993
1406164080 96.86189143352289
1406164703 95.54624322513203
1406165856 93.00277464081641
1406166467 92.64545374442022
1406167653 93.37153364806687
1406168264 92.9874370896367
1406169457 91.13775425414698
1406170057 90.3515245052769
1406171261 89.24707061699911
1406171861 88.04771555247947
1406173054 84.53901148282246
1406173704 82.49099837409125
1406174854 78.9323717471485
1406175465 78.04233842577253
1406176674 78.70122267405192
1406177265 80.00839053921112
1406178453 82.36748338726922
1406179063 82.73686292607013
1406180254 84.88614952643186
1406180875 86.67265515719771
1406182065 86.42482484785538
1406182665 85.27379304513777
1406183854 88.272928542257
1406184495 92.47002823865598
1406185658 97.67135692136962
1406186280 96.9608481644267
1406187468 94.2552658020947
1406188057 96.11224554686268
1406189252 101.69890296806156
1406189878 104.27505623119902
1406191069 110.18170307473775
1406191674 110.5436280105146
1406192853 108.01383704569803
1406193483 107.99152596110764
1406194674 110.75075441588841
1406195262 114.54783160543124
1406196470 123.23969984684746
1406197078 122.83507345722481
1406198261 116.40149744699451
1406198952 116.92677735114151
1406200057 123.315205312111
1406200656 124.36303918258004
1406201851 121.82365189427915
1406202496 123.08661759097274
1406203661 133.9669503129985
1406204264 145.13055739301535
1406205498 162.7693913777669
1406206115 155.6888999051826
1406207261 133.18335059297064
1406207868 126.90727532015438
1406209069 118.43833903077496
1406209713 117.49883300182867
1406210854 121.61345889282227
1406211463 124.51349126140693
1406212665 130.84277047004255
1406213264 131.79218203433078
1406214452 127.04908973994618
1406215065 126.18567895572096
1406216256 131.48361192044115
1406216862 132.32546887718462
1406218070 126.08509060774992
1406218675 124.58619131992504
1406219903 126.98872900380441
1406220473 127.99294488015029
1406221661 132.739223920958
1406222256 136.01397010917856
1406223458 139.04057616525512
1406224100 138.6935845720007
1406225338 136.88926520074745
1406225935 135.3702880356919
1406227069 134.33615502270885
1406227686 136.11627410159235
1406228868 139.2637664194857
1406229466 140.54952573856298
1406230655 142.1426503676455
1406231304 140.39037244878483
1406232452 136.88012707505595
1406233056 137.77088946697802
1406234269 142.77405880029406
1406234858 145.94472742080688
1406236093 156.0443842324866
1406236684 158.90173496225262
1406237903 151.32244781821174
1406238457 143.37714584446334
1406239656 123.62680939930242
1406240261 115.12172040168954
1406241451 105.81676326066273
1406242092 103.67931410422204
1406243253 98.91924327042197
1406243881 98.30293443632257
1406245058 104.59920604495078
1406245655 105.33744170217545
1406246856 97.4444311843339
1406247458 93.41538308147241
1406248697 91.68392552682369
1406249256 94.60107710970891
1406250481 99.54691049787733
1406251056 98.23262299539272
1406252254 96.4178957923271
1406252858 96.8329831978644
1406254057 96.20524849121227
1406254690 94.9667410842582
1406255858 91.873455978754
1406256468 90.973804675769
1406257653 90.47061008546825
1406258264 89.82926376020822
1406259454 86.53928558036131
1406260065 84.18092815870745
1406261266 80.94028023529475
1406261874 80.27669732898197
1406263093 80.55748528503007
1406263656 81.04967034679203
1406264875 81.494682326781
1406265464 81.48028749254016
1406266675 82.10134653904936
1406267267 83.40662717819214
1406268467 86.58657484443711
1406269056 87.99702694008798
1406270276 93.3202606656155
1406270867 96.83250360663828
1406272075 99.94683977416517
1406272666 98.72536230007498
1406273868 98.2468056194341
1406274487 99.70590059602142
1406275682 102.06778026357667
1406276282 104.16459973365474
1406277450 106.84978682843676
1406278080 105.34064348908055
1406279279 102.67899339752537
1406279872 103.64502393882887
1406281087 109.77836892015418
1406281668 117.3559745065429
1406282870 136.95336577995732
1406283466 139.90898633611852
1406284672 138.23738253030177
1406285259 140.0354156240532
1406286477 145.59719045190616
1406287105 146.65562801009784
1406288323 147.20794607188606
1406288857 147.65893687204806
1406290102 147.43643333738214
1406290669 148.42478966346152
1406291857 153.60121412775806
1406292467 154.3943936598165
1406293698 152.5235885688199
1406294260 151.64157620294367
1406295470 150.61556181700334
1406296100 151.5351916164443
1406297259 155.76222451076106
1406297859 155.33339903561733
1406299055 150.55737362787949
1406299658 151.33212631533928
1406300886 155.02821717626628
1406301464 155.3451809755057
1406302785 157.09790995926363
1406303258 159.47742786668442
1406304466 166.93824107462342
1406305092 167.1948788250133
1406306309 160.01600756024624
1406306890 159.45081707166028
1406308086 170.18150818213988
1406308670 178.07327377557223
1406309882 180.85681224801687
1406310460 172.00588240850539
1406311667 156.52935110590423
1406312263 153.90035388646993
1406313590 150.1508396197398
1406314064 150.67467593154464
1406315320 160.36381076385217
1406315911 166.47649342626022
1406317054 174.53771181878642
1406317665 172.04083354895988
1406318892 153.59503092312056
1406319462 146.87850073249035
1406320675 144.18914122719355
1406321295 145.65365786490713
1406322452 145.42896565732923
1406323121 144.62538474729087
1406324263 142.34447728611772
1406324868 137.94966565076663
1406326068 127.71436645270322
1406326667 124.06393760843662
1406327852 121.57267669533061
1406328460 122.00217479189854
1406329656 119.05713887759238
1406330255 117.08134656579244
1406331459 119.79165040605898
1406332084 121.16132460665793
1406333310 118.52453012061065
1406333872 117.83971247979261
1406335054 119.37518762706317
1406335669 119.47478686322222
1406336874 118.13251667022705
1406337469 118.6516279799215
1406338654 118.43592803657553
1406339264 114.60729861719221
1406340469 104.17990436353404
1406341071 100.2267769754932
1406342259 93.94910338741022
1406342859 91.65449739900266
1406344050 88.9641262781743
1406344700 87.86505496161702
1406347659 83.59372672059288
1406348259 83.2081153844352
1406349470 82.38348290603867
1406350060 81.3555325592877
1406351259 80.92306822271294
1406351890 82.23291891813278
1406353051 84.18711448438239
1406353672 84.27317510317334
1406354862 83.38335988786486
1406355472 83.19292940107803
1406356652 87.8410679938385
1406357282 91.9207929464487
1406358472 96.62029494046499
1406359073 99.77845048743868
1406360254 111.7820281558331
1406360872 115.34960787179514
1406362071 109.25592493678866
1406362667 104.02566069704194
1406363861 98.5889530467511
1406364470 98.62730500384694
1406365664 98.96701989292113
1406366285 98.63177417453966
1406367488 99.54740230968943
1406368068 100.75163618651793
1406369260 102.5373702021131
1406369933 101.92510466721728
1406371055 100.57416382054545
1406371678 101.78445341854922
1406372853 104.63935470367227
1406373462 104.90117036142657
1406374651 105.46253321251001
1406375335 107.07714379936587
1406376467 110.22288955416468
1406377074 111.01060089068824
1406378262 113.56957726819175
1406378866 114.82710145108317
1406380081 111.96047818731732
1406380713 109.71303737661933
1406381851 113.59074629617868
1406382485 118.34178667773533
1406383650 122.62530092364821
1406384264 121.98266568817422
1406385479 119.83827562332154
1406386064 121.78313248740422
1406387250 126.0366858968756
1406387860 125.54704522162956
1406389057 127.0110047059409
1406389686 127.60625454231544
1406390893 122.95799845186905
1406391473 120.84516809908658
1406392654 119.4390495662995
1406393282 118.68506181472006
1406394453 117.17995134703354
1406395060 118.61481416490344
1406396253 124.97307513778955
1406396876 126.68703752690331
1406398065 123.20204540868923
1406398665 120.02058226895517
1406399867 119.00663801102917
1406400460 120.2557279661381
1406401657 119.11717653274536
1406402260 118.35843556990298
1406403458 119.51868432493447
1406404159 118.81831037686064
1406405253 116.30840356354058
1406405898 116.36897539338733
1406407056 117.88687938783642
1406407694 118.27704995880552
1406408851 118.11312976403718
1406409463 117.81877182616849
1406410652 117.67618700377962
1406411335 115.54147299174281
1406412478 107.67220421780657
1406413074 104.82655056033815
1406414270 103.94612364258086
1406414866 104.70807371314658
1406416067 105.44562130144286
1406416662 106.48150928779569
1406417851 110.64758127829339
1406418539 110.46347946455374
1406419650 107.13185863306684
1406420262 106.21337984840903
1406421472 106.45203172597932
1406422063 104.97107239621977
1406423262 97.78737822175026
1406423855 96.06088107753445
1406425112 97.55489867987903
1406425674 99.36920317736539
1406426872 101.7549161184755
1406427473 99.22620979670363
1406428667 89.48466292003657
1406429261 85.49126024325469
1406430472 81.2265851795344
1406431071 80.48887416811911
1406432263 78.86297568018246
1406432862 78.35450544671698
1406434083 78.64963949003273
1406434672 78.1274065739691
1406435853 77.45894919223473
1406436502 77.38484492804147
1406437695 75.34705623126314
1406438263 75.06322708390272
1406439453 77.377998739663
1406440064 78.65905218946614
1406441274 79.36190232077797
1406441884 79.5154909265637
1406443055 87.36533469510883
1406443664 92.1189815152076
1406444853 88.3477387183351
1406445494 83.19304634106948
1406446654 79.82385774833413
1406447272 82.3939787878445
1406448456 90.07677862984794
1406449057 91.65345451991115
1406450267 92.91146765120043
1406450887 94.49225702566103
1406452070 96.19902001836932
1406452673 95.93621494709944
1406453855 96.36099247631918
1406454466 97.52804381321877
1406455697 99.95840409210373
1406456276 99.74727957898921
1406457457 97.94921033024988
1406458057 99.25154709673677
1406459300 103.95033594046191
1406459891 104.65130033231762
1406461052 104.76589244224505
1406461681 106.07936175550546
1406462869 109.30847913165425
1406463487 109.87496683653757
1406464651 112.87386139357807
1406465283 114.05036132034336
1406466455 112.79543412706889
1406467080 113.38458447951092
1406468267 114.03836471755226
1406468856 114.4862999918745
1406470054 120.27039082915266
1406470667 123.34367432126095
1406471877 129.53504968020835
1406472466 136.22095721980136
1406473659 155.59428440612558
1406474283 158.5096281358412
1406475518 144.698772275944
1406476061 139.04594800689006
1406477278 133.0292594097493
1406477874 132.46008123799766
1406479067 139.88037586532542
1406479660 143.71789567820656
1406480858 147.55085860812227
1406481481 149.81835418616868
1406482668 150.40806367220944
1406483306 147.9059106735956
1406484474 142.66500497225763
1406485087 142.02005809678258
1406486315 144.95245040634933
1406486857 147.00087702850925
1406488093 150.95524216328772
1406488672 150.51496230483258
1406489860 148.5556879902934
1406490492 146.76962994983475
1406491695 138.6464675971402
1406492285 136.23148622830888
1406493464 137.58665425345401
1406494073 138.62907695663708
1406495254 139.4345356586058
1406495864 137.32654511703134
1406497052 129.56224044137485
1406497661 126.5939100885101
1406498859 118.10201803595656
1406499459 113.65364004931078
1406500685 109.25428826287882
1406501271 107.34567787635254
1406502474 102.3315709670297
1406503085 100.88231197224157
1406504252 102.27565867977154
1406504866 103.74929614813294
1406506054 105.60221380803657
1406506680 106.12818305097426
1406507883 107.59913936176815
1406508456 108.2443530172915
1406509659 108.59975667293017
1406510310 109.74533929495976
1406511457 111.31748606000627
1406512060 109.20674437684872
1406513288 103.38651451064396
1406513867 102.22541984311721
1406515084 99.33024702540466
1406515659 97.60331802070971
1406516881 94.6415413600256
1406517464 93.08209894744442
1406518656 91.08136386003399
1406519266 90.74914888218956
1406520458 88.2861936137562
1406521060 86.39397594332695
1406522250 84.64734531990925
1406522869 84.40870825661554
1406524050 83.94401216638607
1406524680 85.35109172883581
1406525880 90.63593882774623
1406526459 91.63330479928482
1406527681 90.30048014967812
1406528273 93.7736433019482
1406529452 110.13598309475535
1406530071 114.83265352487697
1406531251 112.22757318142544
1406531859 108.36870299515667
1406533057 105.6004402548009
1406533671 109.34717841991726
1406534855 117.00415619263242
1406535460 116.75700542390479
1406536651 112.01031719497328
1406537278 111.28771980880308
1406538460 111.90933097109291
1406539065 111.25827546114445
1406540278 113.04185470386298
1406540867 119.41064420833544
1406542050 134.9771764401088
1406542655 136.025294151859
1406543913 129.72952208085493
1406544470 130.53149167885124
1406545726 137.46561667862736
1406546287 137.73955054791114
1406547472 133.0496719263162
1406548171 129.18211362003225
1406549280 125.33340599745442
1406549863 126.6913229882419
1406551079 133.92401697148276
1406551673 139.76337787636785
1406552851 146.4879256664807
1406553462 146.0434651511056
1406554671 153.84981907004178
1406555280 157.06744903496144
1406556458 147.70049815752543
1406557172 142.5964953556551
1406558287 145.57240761357608
1406558906 145.25493112198075
1406560064 140.40063185588997
1406560668 145.8089289699565
1406561869 165.06804172095804
1406562457 165.14482305836637
1406563660 152.13889061961157
1406564258 150.24348583040393
1406565451 149.4916414307484
1406566140 146.3762066213224
1406567266 142.61768334897505
1406567872 141.7238586408675
1406569050 142.59198490073658
1406570852 157.02064222604494
1406571457 157.4066199667597
1406572731 162.64575958251953
1406573277 164.0140101811657
1406574556 152.59474129039967
1406575059 148.15248665721674
1406576345 143.67162917381108
1406576951 142.71794635420682
1406578068 141.13543450083444
1406578686 139.37422164967685
1406579874 137.5070270209143
1406580459 138.81588228094424
1406581661 139.65747631608878
1406582260 137.43742410869413
1406583499 133.17918437224807
1406584092 130.10002449897797
1406585260 118.3196858182499
1406585858 112.80882942334443
1406587072 107.91810735066733
1406587679 106.70377585064671
1406588856 101.99271688050375
1406589466 99.3239060208647
1406590662 99.27293401484866
1406591273 101.51317052873011
1406592460 103.43128833369427
1406593079 102.27572656117093
1406594251 98.64165947749987
1406594886 97.87460829736382
1406596062 98.5588990669871
1406596669 98.52774390771877
1406597863 98.7517825391324
1406598485 100.0662464485147
1406599652 102.85732495991559
1406600272 101.63686860728467
1406601524 95.97639729621002
1406602082 94.38598857465573
1406603256 93.29448813256892
1406603863 92.33598223753393
1406605059 87.85073179826222
1406605681 86.55998649470433
1406606865 87.58949001068217
1406607463 87.38514191458955
1406608653 84.89073737771594
1406609262 84.76432703653971
1406610453 85.31370665945039
1406611064 86.33878166539968
1406612264 91.59692764282227
1406612864 92.65766902682364
1406614051 90.74298424951621
1406614661 92.14945542173844
1406615862 103.64408892545605
1406616459 109.13915544807713
1406617668 115.02407547200974
1406618255 115.79227318123596
1406619493 115.3242975716554
1406620069 116.09235269934041
1406621255 113.93226303331133
1406621856 111.35416519503184
1406623060 112.14918424554372
1406623655 115.82050086477251
1406624853 128.44882452977845
1406625480 133.41008007272484
1406626684 132.6228801054113
1406627265 131.89983434225044
1406628456 132.5944825617472
1406629065 131.12203479722564
1406630265 127.03027089436848
1406630865 126.94162709026904
1406632079 129.84716362238393
1406633859 134.21766479314613
1406634474 134.03466272591095
1406635670 129.6437054778558
1406636263 128.4769366158617
1406637456 131.60011757155667
1406638062 134.33172541520128
1406639262 137.7755214085486
1406639857 138.42600070904382
1406641053 137.4570312245828
1406641658 139.02264299488172
1406642851 146.1944932937622
1406643458 151.71281072734732
1406644659 164.0452348325943
1406645260 163.2808155675363
1406646450 154.63716830847397
1406647115 153.94186932527566
1406648267 160.18387583034755
1406648882 160.60042838282232
1406650055 150.3445049764864
1406650666 146.08989733771622
1406651858 141.50876821790422
1406652458 138.45623922029424
1406653654 137.80340006975067
1406654297 140.06545277656727
1406655477 140.37050396556586
1406656072 140.27351727581663
1406657265 140.25442545437733
1406657878 139.7165097782933
1406659091 144.26532351990247
1406659705 147.8705476922064
1406660854 151.45097308447043
1406661459 153.0744527567358
1406662697 157.2024954043922
1406663293 158.36276039935888
1406664519 158.68014992584006
1406665062 157.93146240339973
1406666253 151.6016345397286
1406666902 143.97410551637086
1406668073 133.54696930833003
1406669887 137.95633581620228
1406670457 134.3812401394884
1406671672 120.90091333389282
1406672257 117.84970207533132
1406673467 121.77202094468325
1406674058 120.88237503359844
1406675250 108.50127236925144
1406675889 103.64850309001866
1406677059 102.32831262384803
1406686056 103.04300146010316
1406686704 101.33890979309932
1406687851 95.19158762941052
1406688461 93.81527699650945
1406689664 94.1941038711108
1406690265 95.17905165265861
1406691459 99.02082864430325
1406692080 97.3218764226081
1406693269 88.10107811274153
1406693860 86.0474648151687
1406695050 87.01270117899408
1406695669 87.3846890410116
1406696865 86.38177243325637
1406697455 86.45470914163225
1406698695 87.26721814114985
1406699264 86.35031100758864
1406700464 84.07142239160075
1406701055 85.63098548365198
1406702255 93.5647716679849
1406702870 98.41111342112222
1406704055 107.08226653545518
1406704675 107.39473946678717
1406705867 104.15024933031341
1406706470 105.59612051432565
1406707655 107.68338508648438
1406708266 105.27177009582519
1406709475 102.9293021333356
1406710075 104.86527000674165
1406711298 108.43699943456757
1406711855 110.98690287706117
1406713056 123.42329780375388