1406623655 91.6868131868132
1406623685 92.125
1406623715 118.6875
1406623725 125.73907082979797
1406623776 106.01190349033901
1406623795 99.52777690887451
1406623826 100.05555534362793
1406623836 98.85185185185185
1406623897 123.89814814814815
1406623907 121.48809523809524
1406623960 114.65
1406624002 112.21363636363637
1406624015 113.40789473684211
1406624059 109.15
1406624070 110.3515625
1406624091 113.48991935483872
1406624132 100.65573770491804
1406624152 94.5
1406624192 107.5
1406624202 106.55357142857143
1406624253 101.50178571428572
1406624262 100.66525423728814
1406624312 87.92213114754098
1406624323 85.36124986012777
1406624372 94.48749923706055
1406624433 110.08062481880188
1406624452 111.29713114754098
1406624494 109.09274193548387
1406624514 109.16071428571428
1406624553 120.18035714285713
1406624564 119.06944444444444
1406624615 110.27777777777777
1406624625 108.66803278688525
1406624676 107.35211267605634
1406624696 110.27777862548828
1406624727 135.52499961853027
1406624736 136.45833369663785
1406624790 117.10677123069763
1406624800 113.09722246442522
1406624853 111.82087073948072
1406624915 119.4736841436018
1406624967 125.59294088027056
1406625000 129.11788549655822
1406625033 133.43576794135862
1406625090 132.66122739211374
1406625125 129.60506961656654
1406625160 125.62681098606275
1406625182 123.8
1406625216 120.13181741887873
1406625270 121.01230545043946
1406625281 128.29901706471162
1406625304 140.37233912691158
1406625328 139.71518987341773
1406625383 146.35
1406625395 131.02333587646484
1406625428 133.49509959501378
1406625471 129.45588262221392
1406625480 129.609756097561
1406625512 127.95348837209302
1406625523 125.65202702702703
1406625577 126.97409655596759
1406625586 124.32820293719952
1406625631 126.63589700552134
1406625642 125.3
1406625686 125.94303797468353
1406625721 125.5
1406625755 127.10555555555555
1406625766 126.83928571428572
1406625811 123.31818181818181
1406625821 123.63461538461539
1406625876 128.96428571428572
1406625898 128.05000059945243
1406625932 121.44081785240952
1406625996 135.81081101701068
1406626006 138.316939682257
1406626048 114.61475428596871
1406626057 114.08606538616243
1406626109 110.9287143845156
1406626140 116.37083333333334
1406626169 129.390625
1406626180 129.2652027027027
1406626233 127.27027027027027
1406626243 123.89423076923077
1406626287 116.35384615384615
1406626298 116.99374973773956
1406626351 127.98020680745444
1406626394 123.43385452032089
1406626415 127.88541793823242
1406626426 130.16666793823242
1406626470 115.69540357041633
1406626513 109.59782688306726
1406626533 119.96231788966966
1406626585 265.4233002153415
1406626596 379.1359217375227
1406626636 471.8395061728395
1406626656 243.45925620750145
1406626718 142.4938258889281
1406626758 137.59139903899163
1406626769 132.6290315812634
1406626780 134.04444471086774
1406626840 113.29444362095424
1406626874 112.20833333333333
1406626894 123.53963414634146
1406626915 129.02467105263156
1406626958 122.66447368421052
1406626970 120.50892857142857
1406627070 126.75958927120783
1406627083 128.7859220833614
1406627128 133.71969951282847
1406627193 133.31344951282847
1406627216 128.23379802703857
1406627260 123.14120388031006
1406627265 124.25301204819277
1406627311 151.28072136568736
1406627343 163.20302951697147
1406627377 135.80555555555554
1406627388 128.25154269183122
1406627431 138.3439029295053
1406627500 149.75621636234112
1406627522 155.61274337768555
1406627568 151.1029411764706
1406627590 143.4073033707865
1406627615 152.59363041567
1406627657 142.93209754096137
1406627673 148.56892931902848
1406627696 144.44285714285712
1406627731 152.19285714285715
1406627778 137.54854368932038
1406627834 123.14516129032258
1406627849 120.90725806451613
1406627871 122
1406627915 116.9576923076923
1406627936 113.2722225189209
1406627969 119.59285790579659
1406627978 122.28134394403713
1406628036 134.26687950424002
1406628057 136.54852574988257
1406628093 139.7626582278481
1406628115 151.49626865671644
1406628160 178.51785714285714
1406628171 173.83499972025555
1406628216 148.65999857584637
1406628220 146.65882200353286
1406628301 150.71874976158142
1406628316 150.3365369943472
1406628327 147.99999745686847
1406628349 145.38211264261383
1406628405 148.20325432754146
1406628409 148.75269071517454
1406628456 147.59677419354838
1406628467 148.3615814467608
1406628515 136.01666412353515
1406628547 126.78333226984198
1406628570 129.6470588235294
1406628581 131.65178571428572
1406628626 123.6830346924918
1406628637 122.04487052330605
1406628694 129.80769230769232
1406628704 129.66417910447763
1406628749 126.65298507462687
1406628761 125.07278481012659
1406628817 114.82911392405063
1406628828 114.78125
1406628873 121.07589183534895
1406628884 122.57638761732314
1406628940 125.54861111111111
1406628981 131.31971153846155
1406628992 123.49404761904762
1406629002 115.44510602194165
1406629055 116.39153459337022
1406629065 118.4739578962326
1406629119 130.31666374206543
1406629173 135.3924976348877
1406629239 140.62142835344588
1406629250 141.5657413623951
1406629293 150.1838414355962
1406629349 159.54925423237813
1406629360 156.1111119588216
1406629382 154.48958587646484
1406629416 161.3647671080472
1406629473 165.2397671080472
1406629496 158.72222137451172
1406629542 153.14069009756113
1406629573 154.98697662353516
1406629601 137.3515625
1406629659 143.5234375
1406629670 141.03333282470703
1406629714 148.66666412353516
1406629736 153.22777598063152
1406629780 120.4333317565918
1406629789 121.81410107245813
1406629832 153.5440226141012
1406629842 157.77296333613359
1406629896 142.06364320770024
1406629959 144.9438562493575
1406629991 149.74073819760923
1406630013 143.15116154870321
1406630034 135.4176483154297
1406630077 137.91568756103516
1406630098 137.24102736253005
1406630142 132.14529771071216
1406630176 130.81515211625532
1406630186 135.5500015258789
1406630197 134.9694118258319
1406630254 119.3639240506329
1406630265 120.1280487804878
1406630318 140.09349339182785
1406630336 140.94444274902344
1406630372 126.71052631578948
1406630393 118.85227272727272
1406630438 112.64285714285714
1406630449 112.15
1406630493 111.52777777777777
1406630548 113.95703256130219
1406630557 114.69032410652406
1406630610 121.80000305175781
1406630641 133.9625015258789
1406630672 146.58726415094338
1406630694 138.22297297297297
1406630734 118.87837837837839
1406630746 115.13636363636363
1406630800 127.02616279069767
1406630832 122.2120361328125
1406630854 115.58147995560257
1406630886 116.38922999455379
1406630919 114.33035714285714
1406630942 113.61160714285714
1406630975 122.72
1406631017 136.17105122616417
1406631039 134.9035066303454
1406631051 138.24293530997585
1406631098 130.91091905791183
1406631109 126.04430379746836
1406631155 125.5780603432957
1406631177 124.1062810593757
1406631213 138.28019343942836
1406631224 137.6
1406631324 129.35
1406631328 126.17307692307692
1406631350 116.10919540229885
1406631393 137.26580459770116
1406631415 139.49016853932585
1406631449 124.45224719101124
1406631482 121.34999935443585
1406631514 121.08333206176758
1406631536 124.40979283126359
1406631578 129.385308845756
1406631611 136.37683823529412
1406631634 134.0220588235294
1406631646 134.41666666666669
1406631691 132.16666666666669
1406631724 126.99609375
1406631755 123
1406631767 123.44736842105263
1406631822 136.99780701754386
1406631869 130.13333333333333
1406631876 136.85
1406631897 131.60546875
1406631940 133.76666885375977
1406631947 135.75000254313153
1406631991 142.29762159075057
1406632003 143.5012458687398
1406632048 142.98507246330604
1406632058 144.56140096564042
1406632124 128.48809487479073
1406632135 125.01851851851852
1406632178 147.52515929599977
1406632188 155.21020154810662
1406632232 138.23507462686567
1406632245 141
1406632300 126
1406632311 126
1406632352 117.5
1406632362 118.26502753085776
1406632413 130.43379300261196
1406632435 132.02564397958608
1406632478 119.73919677734375
1406632489 118.0455828935672
1406632530 122.43518193562826
1406632595 125.23888854980468
1406632605 125.5079365079365
1406632646 126.06547619047619
1406632658 126.29280821917808
1406632719 126.19270833333334
1406632730 125.84121621621621
1406632773 117.24324324324324
1406632793 119.23972602739727
1406632835 128.2431506849315
1406632846 129.55357142857144
1406632891 126.90298507462687
1406632913 122.1328125
1406632955 111.75
1406632976 169.18867924528303
1406633008 260.203007518797
1406633109 137.0216346153846
1406633112 133.58050847457628
1406633135 134.19774265612585
1406633168 136.31101294926236
1406633191 130.54047535487584
1406633203 127.48333206176758
1406633246 122.84983425329227
1406633304 115.56172839506172
1406633316 133.4969135802469
1406633327 129.66666641235352
1406633371 120.11814218834985
1406633406 124.90174068621735
1406633427 122.94278586088721
1406633438 124.29166666666666
1406633493 127.0694465637207
1406633504 128.12061657821923
1406633550 132.16666793823242
1406633596 133.87878787878788
1406633616 139.75
1406633629 143.89449541284404
1406633672 146.10321100917432
1406633725 151.05327868852459
1406633733 149.10714285714286
1406633781 133.8838028169014
1406633793 166.45891764466194
1406633804 158.87142637797763
1406633849 120.61818105524236
1406633903 111.57045425068247
1406633915 120.32499980926514
1406633937 121.6796875
1406633969 130.3046875
1406633979 129.52985074626866
1406634036 130.147060955272
1406634047 131.42982710453504
1406634093 124.30117008142304
1406634104 121.68273075517402
1406634156 121.56927614326936
1406634176 119.54116338706879
1406634206 130.72791418971786
1406634239 124.37630331516266
1406634270 123.35294117647058
1406634290 125.25
1406634330 128.36224614357462
1406634339 128.9000015258789
1406634402 118.4383552760294
1406634412 118.59839230273144
1406634453 127.20180722891567
1406634485 131.63095238095238
1406634516 125.15584415584416
1406634562 115.52272727272727
1406634573 122.14772727272727
1406634593 126.05921052631578
1406634638 132.9736842105263
1406634649 135.56473214285714
1406634694 141.2332089552239
1406634716 140.15320469782904
1406634759 131.97786331176758
1406634780 132.5560598200018
1406634814 127.98913043478261
1406634826 124.87139911416136
1406635046 124.34704699732148
1406635057 123.73888524373372
1406635112 119.65920864908318
1406635133 121.34006740622324
1406635174 144.68972579747032
1406635185 146.54166666666669
1406635229 145.74999745686847
1406635240 145.8592790615059
1406635296 143.2944096548115
1406635352 137.60454024811705
1406635396 148.81875
1406635407 161.1796875
1406635432 201.20187614333463
1406635478 345.3410205547626
1406635497 346.94444020589196
1406635535 203.3233805414456
1406635564 142.5593591977472
1406635608 134.12
1406635614 135.9125
1406635648 149.9375
1406635658 146.7227011494253
1406635714 129.3448275862069
1406635735 122.56147540983606
1406635775 122.23039215686273
1406635786 122.607421875
1406635839 129.39189189189187
1406635860 134.37298387096774
1406635901 128.59803921568627
1406635911 124.88888888888889
1406635955 122.625
1406635964 122.94959677419355
1406636017 127.52702702702703
1406636038 123.72596153846153
1406636069 123.875
1406636090 126.70723684210526
1406636135 125.98464785124126
1406636145 125.61082360179154
1406636188 118.82903722389457
1406636232 116.07307692307693
1406636253 119.98387096774194
1406636263 121.94736842105263
1406636327 117.98552631578947
1406636348 119.23125
1406636378 125.16875
1406636387 126.62735805871353
1406636431 127.54333079020182
1406636462 123.99801426842099
1406636493 127.02936517624627
1406636515 124.06875050067902
1406636557 128.80645161290323
1406636577 135.85714285714286
1406636620 134.83333333333331
1406636670 128.47916666666669
1406636680 128.9519230769231
1406636735 124.03782894736842
1406636756 122
1406636799 122.5
1406636821 123.2
1406636854 122.07075471698113
1406636874 121.21666666666667
1406636918 129.36833333333334
1406636929 129.96000061035156
1406636973 134.7375030517578
1406636993 133.8625020980835
1406637037 124.34905660377359
1406637046 125.17910447761194
1406637104 140.55714285714285
1406637116 140.6304347826087
1406637159 141.5144927536232
1406637173 140.58695652173913
1406637219 146.1226708074534
1406637320 141.5421875
1406637335 133.43541412353517
1406637379 129.38034077179736
1406637391 131.55982579940405
1406637413 132.31999969482422
1406637446 137.6482173374721
1406637497 136.11789615028783
1406637520 121.02596431531404
1406637541 122.41352124484081
1406637573 132.50397019159226
1406637583 132.60256664569562
1406637638 125.00917595679607
1406637692 129.9446816140033
1406637732 134.81666692097983
1406637752 127.86309523809524
1406637774 116.51388888888889
1406637815 110.41803278688525
1406637835 112.95098039215686
1406637866 118.04166666666666
1406637886 119.18364197530863
1406637937 141.84567901234567
1406637947 138.06557377049182
1406637998 122.5241935483871
1406638009 124.98703688162345
1406638052 136.17499923706055
1406638093 144.92817433675128
1406638115 139.625
1406638137 131.07432432432432
1406638179 126.42454827798379
1406638189 127.60822400179777
1406638234 135.5952377319336
1406638256 141.08653846153845
1406638292 145.43269230769232
1406638338 148.75
1406638348 145.11363636363637
1406638360 142.88580209237557
1406638429 160.8554939107692
1406638454 158.6417731743354
1406638501 148.85497818983993
1406638506 148.0438596491228
1406638551 140.68859649122805
1406638558 138.80188679245282
1406638593 126.56132075471697
1406638604 122.79111101786296
1406638671 168.72333267211914
1406638731 118.10666549682617
1406638743 119.95151346380061
1406638775 129.46554376297638
1406638829 139.7636551095658
1406638862 142.8157040522649
1406638896 147.0197627727802
1406638907 148.03508517616672
1406638953 138.88888804117838
1406638976 138.02597402597402
1406639008 150.21428571428572
1406639030 156.07462686567163
1406639075 142.13805970149252
1406639097 136.6557024905556
1406639141 131.71710747166685
1406639151 132.8639481213628
1406639195 138.76530612244898
1406639239 144.76119402985074
1406639251 155.72636561607248
1406639262 155.8888867696126
1406639306 143.52777735392254
1406639317 142.74264705882354
1406639374 139.18014705882354
1406639385 138.09285714285716
1406639433 153.03214285714284
1406639444 149.65476172310966
1406639510 119.33333206176758
1406639519 117.59761793954033
1406639551 137.6595248086112
1406639580 137.13200093587238
1406639615 151.7870002237956
1406639626 154.4008152173913
1406639692 206.05570652173913
1406639707 200.9939024390244
1406639774 146.14465569550137
1406639790 131.86949884666586
1406639813 132.14137159075057
1406639846 142.20833206176758
1406639857 141.62455886037725
1406639920 129.15614162244293
1406639941 131.40959196270637
1406639973 134.31944444444446
1406639995 126.68055555555556
1406640027 124.125
1406640072 113.83582089552239
1406640094 129.31372384464038
1406640106 136.95402026998585
1406640181 125.5503707430256
1406640206 123.02549686716563
1406640240 125.1875
1406640274 132.8841463414634
1406640322 137.41129032258064
1406640335 133.4758064516129
1406640367 143.17857142857144
1406640391 145.58928571428572
1406640402 142.0421511627907
1406640456 133.85513820204625
1406640477 129.37878972833806
1406640511 123.32380948747907
1406640533 126.510255862505
1406640589 147.54615384615386
1406640598 149.1534090909091
1406640633 140.5
1406640655 142.73082822085888
1406640701 135.3861978448973
1406640753 149.3726993865031
1406640796 147.02777637579504
1406640819 136.83333118145282
1406640831 137.2565517639846
1406640875 153.12780898876406
1406640908 160.25
1406640931 142.45833333333331
1406640962 146.90740615602522
1406640994 146.02380698067802
1406641018 141.4251397343005
1406641053 135.34375
1406641074 139.2840909090909
1406641119 153.55357142857144
1406641130 151.19642857142856
1406641175 144.3790322580645
1406641223 147.7320143884892
1406641233 154.82409766766665
1406641291 142.49820143884892
1406641314 157.75757575757575
1406641357 189.81681583163976
1406641419 166.7387363330738
1406641425 166.85631929594894
1406641477 159.25257613978437
1406641522 152.86392405063293
1406641624 149.0221518987342
1406641635 147.4
1406641658 136.1
1406641694 131.97826086956522
1406641717 122.64492753623188
1406641727 121.86363636363637
1406641772 116.5
1406641781 116.96428571428572
1406641828 125.37643472079573
1406641839 126.68821584767309
1406641886 125.13505698894633
1406641897 123.82692307692308
1406641964 123.68636363636364
1406642007 134.07561930903682
1406642018 137.8546124722095
1406642054 143.85028347726598
1406642077 146.52941176470588
1406642088 146.75603905276975
1406642135 133.0772968236951
1406642146 132.27440745489938
1406642191 127.36120502284315
1406642258 117.37158734681176
1406642268 117.35516112191337
1406642319 132.06646605900357
1406642342 136.78636322021484
1406642374 136.30039108631223
1406642385 134.95111455281574
1406642437 154.8033337402344
1406642449 153.76724137931035
1406642495 145.76315789473685
1406642506 142.56473214285714
1406642551 136.6029411764706
1406642574 136.05
1406642620 147.81666412353516
1406642666 144.93203742758743
1406642678 171.76213481125322
1406642723 160.3611132303874
1406642732 155.37609903435958
1406642799 151.1214286804199
1406642802 153.06632653061223
1406642848 171.0241935483871
1406642864 167.35476190476192
1406642913 154.98809523809524
1406642953 148.84375
1406642977 151.80769230769232
1406643018 163.18951612903226
1406643039 171.79629431830512
1406643045 171.87179213303784
1406643117 144.1915974053811
1406643172 130.8771208423679
1406643176 131.51104671983833
1406643221 144.3644578313253
1406643255 149.41666666666669
1406643272 139.7125
1406643295 133.41145879030228
1406643332 160.8125011920929
1406643393 159.67187994718552
1406643400 162.63996212299054
1406643458 148.51388931274414
1406643471 152.2622950819672
1406643519 151.4
1406643531 148.85
1406643620 126.96666666666667
1406643624 127.03614457831326
1406643635 129.5105421686747
1406643703 142.40277777777777
1406643743 160.97115384615384
1406643755 169.575
1406643803 171.6607160295759
1406643814 154.24702595302037
1406643825 153.36146087646483
1406643894 170.1142619024847
1406643922 173.00641025641028
1406643933 170.0625
1406643954 160.46951154383217
1406644015 166.23382830263964
1406644021 167.7446784161507
1406644144 148.34397141476893
1406644156 156.5
1406644168 164.41304347826087
1406644225 157.7943548387097
1406644230 156.59523854936873
1406644253 151.5586879891409
1406644301 143.22065810082665
1406644324 143.4096235893142
1406644360 158.0399039899799
1406644372 159.71595989818303
1406644409 156.74295774647888
1406644431 156.4365671641791
1406644476 148.23979591836735
1406644480 147.53947368421052
1406644539 142.93421052631578
1406644552 143.1185344827586
1406644597 151.86479591836735
1406644601 152.08445945945945
1406644659 142.1216216216216
1406644671 140.36764705882354
1406644716 136.68382352941177
1406644761 136.8466796875
1406644772 150.02864837646484
1406644840 150.44140625
1406644844 151.30263157894737
1406644912 142.44736842105263
1406644916 143.06153846153848
1406644973 142.43846153846152
1406644977 141.20967741935482
1406645011 161.24193548387098
1406645035 157.27142857142857
1406645069 184.6142857142857
1406645081 191.52702702702703
1406645143 196.29885057471265
1406645168 178.34523718697685
1406645213 161.63725101246553
1406645253 161.55841520643725
1406645310 162.13373085981357
1406645420 158.82062780269058
1406645448 146.00224215246635
1406645504 164.0321349755531
1406645533 160.63785844967688
1406645578 164.98971171437958
1406645585 162.89080521156046
1406645607 153.43333587646484
1406645630 151.97453795539008
1406645679 155.80302775989878
1406645707 147.7156847785501
1406645747 140.46078431372547
1406645758 141.05789473684212
1406645793 141.8671052631579
1406645842 151.06147540983608
1406645854 155.28773584905662
1406645895 151.7152795155843
1406645914 145.38768370255178
1406645918 145.67810701856428
1406646009 166.459150501326
1406646016 170.5
1406646039 194.35714285714286
1406646051 195.02727272727273
1406646094 164.2450980392157
1406646102 162.42592592592592
1406646195 178.6898148148148
1406646202 180.27777777777777
1406646233 193.72222222222223
1406646258 180.05263157894737
1406646271 169.36567164179104
1406646325 177.4015748031496
1406646340 203.92979256937824
1406646398 201.93473972182676
1406646423 176.54918032786884
1406646450 165.5122950819672
1406646459 159.8515625
1406646514 168.35752462571668
1406646521 168.54337645230228
1406646579 159.46232876712327
1406646587 158.3846153846154
1406646683 146.91803278688525
1406646692 160.0874342371206
1406646709 157.20567630199676
1406646786 152.2025666456956
1406646834 151.84615384615384
1406646839 152.08267195767195
1406646874 149.86137260961783
1406646967 169.19907407407408
1406647023 162.69051724137933
1406647112 151.9633152173913
1406647115 152.10887096774195
1406647174 140.65234375
1406647179 139.52941176470588
1406647259 158.51851851851853
1406647287 174.96610169491527
1406647318 190.42857142857144
1406647350 184.4237288135593
1406647358 154.112996893414
1406647377 146.8001429670948
1406647417 152.97210743801654
1406647498 176.5426829268293
1406647540 149.18478260869566
1406647544 145.78333333333333
1406647615 136.71111283075243
1406647649 149.60162855939166
1406647656 152.20889119466148
1406647713 132.69555592854817
1406647724 132.02173913043478
1406647771 135.47826086956522
1406647782 137.3047619047619
1406647856 182.3095238095238
1406647876 185.80232558139534
1406647887 200.9186046511628
1406647942 172.38709677419354
1406647949 165.25862068965517
1406647971 151.2169811320755
1406648028 149.05188679245282
1406648055 147.63025267785338
1406648078 155.50602042574843
1406648147 160.15458545684814
1406648158 160.14194362766142
1406648193 148.03296829055955
1406648238 154.69932432432432
1406648263 146.08783783783784
1406648267 146.58333333333331
1406648314 144.8311403508772
1406648324 144.3033536585366
1406648391 144.13998729426686
1406648467 121.62881097560975
1406648478 128.33333206176758
1406648489 139.54901706471162
1406648512 149.99999809265137
1406648559 148.51811533388883
1406648581 153.98333435058595
1406648614 153.3333336679559
1406648619 151.83743148553566
1406648675 141.5129620022244
1406648709 145.2446447099958
1406648731 149.93235599293428
1406648777 150.2967757358346
1406648800 147.46182620140814
1406648824 145.63700414108018
1406648859 144.95258620689657
1406648882 146.18794201790018
1406648906 145.04901706471162
1406648916 143.82616260487546
1406648971 147.82840425224714
1406648999 145.3009270562066
1406649034 138.2909629951089
1406649058 135.309845738763
1406649095 147.0444651098059
1406649302 155.15436267212732
1406649332 150.4451219512195
1406649343 149.79642857142858
1406649390 158.25237840924945
1406649402 160.61032652519117
1406649461 157.56770833333331
1406649498 156.3782327586207
1406649511 171.4030172413793
1406649577 185.5656779661017
1406649629 183.53779069767444
1406649663 191.51
1406649679 214.75
1406649691 218.6304347826087
1406649725 186.04794520547944
1406649764 187.37037037037038
1406649806 194.79661016949154
1406649823 185.75892857142856
1406649862 215.55263157894737
1406649880 244.05555555555554
1406649943 229.08333333333334
1406649988 191.11290322580646
1406650005 185.1393028373149
1406650055 181.9138551347711
1406650094 177.54901852327237
1406650113 176.23529120052564
1406650123 171.91534217955575
1406650176 157.04529239820397
1406650215 154.21052711888365
1406650233 154.20618556701032
1406650297 162.6615094843599
1406650312 162.96666450500487
1406650367 166.14999923706054
1406650397 164.40384615384616
1406650412 160.48076923076923
1406650432 167.0857495294101
1406650481 176.83333587646484
1406650509 159.25757571133698
1406650536 153.41666412353516
1406650563 164.091443492248
1406650649 166.58695652173913
1406650655 160.70588235294116
1406650666 146.24576271186442
1406650714 122.14406779661017
1406650725 125.49460817224839
1406650790 158.962747371898
1406650799 163.62297002280633
1406650831 166.56250190734863
1406650891 161.60156321525574
1406650927 154.8254716981132
1406650950 145.80424528301887
1406650997 139.07112068965517
1406651008 141.1063829787234
1406651087 186.40070667672666
1406651091 184.5158709571475
1406651129 155.97357977890385
1406651190 149.4969512195122
1406651214 143.78804347826087
1406651259 138.60416412353516
1406651282 135.6280849598072
1406651313 143.13888888888889
1406651363 144.52777777777777
1406651373 134.08333333333334
1406651394 132.8
1406651440 158.76666920979818
1406651463 173.59770268407362
1406651498 185.09154929577466
1406651534 155.77118644067798
1406651557 142.7600992376154
1406651567 143.65920143696798
1406651613 152.1082089552239
1406651624 151.89903846153845
1406651681 145.05769230769232
1406651717 159.97457627118644
1406651729 166.71610169491527
1406651740 171.57945736434107
1406651843 145.9825581395349
1406651858 145.75
1406651892 146.20535714285714
1406651914 145.41666793823242
1406651936 149.0000015258789
1406651969 155.17204210835118
1406652029 141.83739769168017
1406652041 168.47154440530915
1406652051 163.90671641791045
1406652087 154.07089552238807
1406652108 149.38486842105263
1406652151 146.48245359721938
1406652163 146.96861257181538
1406652228 144.848271999719
1406652269 140.04560002740823
1406652281 137.79519976599744
1406652328 137.51077586206895
1406652339 138.67121848739495
1406652424 127.15336134453781
1406652447 128.09558823529412
1406652458 128.86666631698608
1406652527 134.04166412353516
1406652530 134.72386764267742
1406652575 155.58192042981165
1406652586 155.39880902426583
1406652631 147.7392744176528
1406652699 151.01011029411765
1406652722 151.59027875264485
1406652755 149.52777760823568
1406652759 148.88720548995818
1406652838 144.28451391663214
1406652854 138.5000015258789
1406652878 136.25
1406652890 136.74264705882354
1406652935 132.97548765294692
1406652946 131.0666648864746
1406652990 127.2098757425944
1406653000 128.7542720696865
1406653057 138.18696599128918
1406653068 140.1293103448276
1406653111 141.36206896551724
1406653115 141.62765957446808
1406653172 146.44680851063828
1406653205 155.915
1406653272 171.5845070422535
1406653276 169.9561403508772
1406653288 164.1578972799736
1406653329 142.9879040871897
1406653350 133.81451612903226
1406653360 131.76351351351352
1406653415 147.08783783783784
1406653461 148.11842105263156
1406653472 148.71666666666667
1406653506 156.70049504950495
1406653540 149.9009900990099
1406653573 155.75446428571428
1406653596 154.46226415094338
1406653626 147.74137799493198
1406653654 146.91666412353516
1406653678 147.82999725341796
1406653714 141.09562801620336
1406653769 153.95145631067962
1406653781 148.73417721518987
1406653836 158.26582278481013
1406653848 152.45454545454544
1406653891 135.83333333333331
1406653902 134.9077375956944
1406653947 140.21212040294301
1406653968 138.00000034679067
1406654013 123.5476188659668
1406654024 123.02380902426583
1406654075 133.8690460750035
1406654097 133.7674103921919
1406654131 137.32462686567163
1406654197 150.71020154810662
1406654209 146.57424441250888
1406654252 155.95606259432705
1406654264 162.42157072179458
1406654308 139.66176515467026
1406654320 140.0298502907824
1406654375 140.75427275437573
1406654398 140.42857142857144
1406654495 156.61863201449376
1406654536 138.0096769025249
1406654557 126.83823529411765
1406654604 120.46739130434783
1406654615 128.94203152863875
1406654626 128.58333587646484
1406654671 128.83333587646484
1406654682 129.5948743380033
1406654736 135.17619236537388
1406654792 136.42063867478143
1406654858 132.33968295142765
1406654892 136.05
1406654913 126.78629032258064
1406654923 122.34943181818181
1406654979 142.65625
1406655001 142.39285714285714
1406655035 138.02272727272725
1406655056 135.03125
1406655091 141.18910256410257
1406655134 154.22692307692307
1406655156 148.58962264150944
1406655187 132.51754385964912
1406655213 132.3148148148148
1406655268 171.5
1406655323 193.44099654594476
1406655375 236.51702964392894
1406655405 170.16666412353516
1406655420 141.59027576446533
1406655454 141.15046215057373
1406655477 147.67355371900828
1406655545 150.3388429752066
1406655572 150.93388429752065
1406655575 151.0733334350586
1406655635 137.79000213623047
1406655647 137.18333631243024
1406655693 152.48333544049945
1406655705 150.0043885080438
1406655750 135.2440481185913
1406655761 133.0677966101695
1406655809 132.8048780487805
1406655843 142.2661704447732
1406655876 145.08333587646484
1406655887 145.02777989705402
1406655932 154.58080592299953
1406655942 156.07446581252077
1406656013 139.21985780431868
1406656026 138.54891304347825
1406656059 128.32608695652175
1406656072 128.46491228070175
1406656116 142.5
1406656138 143.7763157894737
1406656181 159.86184210526318
1406656192 155.16015625
1406656233 129.984375
1406656245 126.75
1406656287 160.9245283018868
1406656298 168.3125
1406656353 149.23263947168988
1406656407 134.12847592035928
1406656418 130.15732442552797
1406656471 143.21456488493448
1406656514 186.974609375
1406656535 209.15328467153284
1406656625 137.06021897810217
1406656651 143.87380763462613
1406656660 145.04166412353516
1406656716 126.95833240855823
1406656748 125.94458762886597
1406656781 147.80541237113403
1406656813 151.01590909090908
1406656836 163.62857142857143
1406656848 170.5253164556962
1406656892 140.78481012658227
1406656915 138.96022727272725
1406656980 139.78985507246375
1406656984 140.36111111111111
1406657018 132.93055555555554
1406657052 139.3801154421087
1406657075 139.18627368702607
1406657086 139.49129394986736
1406657142 144.93584199078316
1406657199 136.6772170247911
1406657221 135.91666920979816
1406657254 150.95833333333331
1406657265 151.81321887312265
1406657312 166.82062401205806
1406657324 168.58333535921776
1406657371 156.88928571428573
1406657394 153.6730769230769
1406657429 134.987182030311
1406657462 138.58333369663785
1406657496 143.74999811742214
1406657506 145.55555301242404
1406657550 133.5
1406657559 133.4788961038961
1406657616 143.2619073050363
1406657627 142.9485315435073
1406657672 143.64705927231734
1406657684 142.91379336653085
1406657730 139.66666793823242
1406657753 148.20238065719604
1406657786 155.66666221618652
1406657797 152.3928524562291
1406657856 148.73353840392315
1406657878 150.25
1406657912 146.83333587646484
1406657935 146.05555725097656
1406657969 148.155797543733
1406657981 148.05882352941177
1406658037 157.2
1406658041 157.519697154652
1406658092 157.21428825741722
1406658104 158.47740315582791
1406658151 154.11206896551724
1406658162 150.33333333333331
1406658217 135.83333118145282
1406658227 135.94791412353516
1406658285 162.8125
1406658297 160.47413740486934
1406658331 155.69252671866582
1406658343 150.14922226307004
1406658417 128.21851806640626
1406658433 130.57017436780427
1406658455 135.31395029467205
1406658476 134.35566683897036
1406658520 129.553262494274
1406658552 135.64021101452056
1406658573 131.2791003272647
1406658583 134.76234520806207
1406658627 138.46296041983146
1406658637 137.1838212854722
1406658702 137.10784283806296
1406658712 137.046875
1406658756 145.11978912353516
1406658766 144.80768966674805
1406658808 128.6807661790114
1406658818 126.51481265113468
1406658871 136.4417993454706
1406658881 136.082088982881
1406658938 122.21474163348859
1406658959 123.47727186029607
1406658992 143.72726995294744
1406659004 144.29004094507786
1406659048 134.99242262406784
1406659069 131.83865121070374
1406659114 136.9095744680851
1406659179 132.43794580554285
1406659189 132.3344767322279
1406659231 135.47260420289757
1406659252 138.9076923076923
1406659296 140.22097504005004
1406659341 132.6195185811896
1406659352 138.33114102012235
1406659372 135.86197876930237
1406659416 136.74999872843426
1406659426 137.47071962098818
1406659469 130.61148612563676
1406659490 131.05113636363637
1406659535 135.3544776119403
1406659557 134.88756524948846
1406659598 134.37339489276593
1406659609 137.4753066168891
1406659652 145.15625
1406659705 138.28030303030303
1406659717 129.59848484848484
1406659751 134.9818181818182
1406659772 145.13662790697674
1406659794 156.1472861711369
1406659848 168.42926131847292
1406659858 174.7173887612163
1406659912 181.22463768115944
1406659917 181.2175925925926
1406659962 138.67592592592592
1406659966 137.49680864050032
1406660009 149.44237440723484
1406660025 153.0573781748287
1406660070 164.42391304347825
1406660094 169.38333435058593
1406660130 150.45833587646484
1406660142 144.88333587646486
1406660210 155.2857168288458
1406660226 156.48677438402933
1406660261 155.13492111932663
1406660273 153.71311475409834
1406660311 158.387975598945
1406660322 158.0539880671971
1406660382 160.4999984741211
1406660472 154.48540313052433
1406660519 155.5423083965595
1406660537 162.81363636363636
1406660561 166.4818181818182
1406660574 169.52150537634407
1406660620 154.80913978494624
1406660654 150.36111111111111
1406660671 158.66666666666669
1406660683 159.47826086956522
1406660740 168.392578125
1406660747 166.875
1406660793 161.6206896551724
1406660805 162.72297297297297
1406660854 157.7376100694811
1406660867 156.49530308683154
1406660915 154.51643156669508
1406660925 152.3625726532518
1406660972 140.30237840924946
1406660995 138.76904591151646
1406661030 136.18571384974888
1406661042 136.79850700720033
1406661097 152.3271118847292
1406661109 154.94752869782624
1406661156 146.36008161379968
1406661178 143.56666564941406
1406661211 142.16666412353516
1406661222 139.47222010294598
1406661266 129.2944424947103
1406661277 126.08358081419077
1406661333 135.4447786701259
1406661344 138.69912585877535
1406661400 152.8969298245614
1406661447 158.97457627118644
1406661459 158.7375
1406661527 158.70066528320314
1406661568 163.57533111572266
1406661584 161.2640325445878
1406661663 150.73577471477228
1406661666 150.83333587646484
1406661703 145.23194541931153
1406661726 139.3125
1406661749 135.84821428571428
1406661782 135.24583333333334
1406661817 133.7527803209093
1406661839 136.5000015258789
1406661872 142.15
1406661894 143.49615384615385
1406661927 133.3653846153846
1406661937 134.00688073394497
1406661991 152.4940382231266
1406662036 149.22500101725262
1406662059 142.56333409062137
1406662115 129.00666679099754
1406662126 130.75
1406662181 155.52611940298507
1406662193 153.58617060235207
1406662228 151.2125015258789
1406662273 161.96716468013935
1406662295 149.54411764705884
1406662307 145.1679104477612
1406662362 155.4224517610338
1406662379 154.06276801963907
1406662415 155.55844155844156
1406662439 155.06666666666666
1406662476 172.04444698757595
1406662505 194.4791680574417
1406662533 219.89583361148834
1406662540 230.54166666666669
1406662599 223.08333587646484
1406662629 247.15443609395157
1406662657 162.45412963027255
1406662708 164.8658536585366
1406662739 178.96938775510205
1406662797 235.23469387755102
1406662806 231.125
1406662826 168.29166412353516
1406662841 154.5928948824523
1406662887 155.74137983650996
1406662899 154.59638480680536
1406662958 151.0702793167298
1406662970 146.6839055028455
1406663016 144.09356676068222
1406663027 148.01666717529298
1406663071 156.10119301932198
1406663083 156.65277989705402
1406663132 159.7488429811266
1406663143 162.03676470588235
1406663200 161.24642857142857
1406663213 161.03884313914403
1406663293 174.54710861079948
1406663321 175.70980628518498
1406663378 154.20724918531334
1406663390 150.0258822707656
1406663539 127.25657894736842
1406663542 128.05405405405406
1406663553 129.4189189189189
1406663576 141.0689655172414
1406663611 149.03623381904936
1406663622 149.6860144478934
1406663667 146.32234560788334
1406663713 140.41666666666669
1406663736 143.79444444444445
1406663803 166.8252427184466
1406663839 170.83333333333331
1406663884 168.33333333333331
1406663893 165.02678571428572
1406663912 185.55357142857144
1406663921 198.65384615384616
1406663966 162.9230769230769
1406664029 165.12
1406664041 167.75
1406664053 169.01612903225805
1406664134 163.6730769230769
1406664163 174.012817969689
1406664196 170.66220133645194
1406664219 151.28333500453402
1406664231 144.92544113962273
1406664276 158.79761954716275
1406664287 160.95833333333331
1406664354 156.43661971830986
1406664358 158.31578947368422
1406664392 167.98888888888888
1406664403 158.21875
1406664448 145.7279411764706
1406664471 158.83098591549296
1406664511 154.9718309859155
1406664519 157.5
1406664575 159.1818181818182
1406664596 209.22033898305085
1406664630 286.21398305084745
1406664634 295.1946721311475
1406664691 164.47826086956522
1406664703 138.80575539568343
1406664752 144.01258992805754
1406664830 154.78191489361703
1406664846 164.28225806451613
1406664881 165.16532258064515
1406664892 169.64658668242305
1406664960 138.4618498101292
1406664964 138.97222476535373
1406665032 159.05111134847004
1406665039 160.80769230769232
1406665058 157.01086956521738
1406665062 155.5926966292135
1406665143 166.1573033707865
1406665147 165.13725490196077
1406665171 161.4607843137255
1406665194 161.71985877828394
1406665231 335.6170228998712
1406665265 290.0782338356485
1406665295 221.50510204081633
1406665329 160.61666870117188
1406665346 151.74304102644135
1406665408 143.51352459451425
1406665415 145.3267518428334
1406665476 144.41228070175438
1406665522 151.96505376344086
1406665536 149.5268842635616
1406665569 159.5333348274231
1406665590 165.59999828338624
1406665616 173.16363442160866
1406665653 156.16893830732866
1406665700 159.87747873578752
1406665734 148.1026761191232
1406665737 147.7051256619967
1406665774 154.34615384615384
1406665799 144.25
1406665836 149.08522727272728
1406665843 151.81363636363636
1406665900 143.20681818181816
1406665946 199.43965517241378
1406665958 213.47826086956522
1406665969 206.50531914893617
1406666052 160.8053097345133
1406666078 158.5907079646018
1406666082 159.03395061728395
1406666156 176.28703703703704
1406666159 176.3090909090909
1406666204 162.44545454545454
1406666211 181.33333260672433
1406666253 290.16862236471735
1406666296 233.48238062664745
1406666314 216.49050853698236
1406666376 138.5162008073595
1406666386 137.61011695861816
1406666432 141.34195603995488
1406666444 141.83032382827207
1406666512 135.9382530120482
1406666515 135.9921875
1406666560 131.17696629213484
1406666604 131.88513513513513
1406666614 142.67342088029193
1406666671 158.35919452535694
1406666701 159.9903846153846
1406666777 159.53269230769232
1406666790 213.5201923076923
1406666801 203.69542253521126
1406666861 146.71905940594058
1406666902 141.6639344262295
1406666922 153.47530675817418
1406666929 155.76797148760627
1406666973 136.83333206176758
1406666995 136.8358200414857
1406667040 140.911766388837
1406667063 138.45166862487793
1406667096 144.68666778564454
1406667140 178.33333333333334
1406667152 187.09469696969697
1406667162 195.23863636363637
1406667218 135.875
1406667229 136.85714285714286
1406667273 143.28571428571428
1406667295 143.77232142857144
1406667329 144.75892857142856
1406667351 145.41938375390095
1406667397 135.39854978478473
1406667421 133.63557086773773
1406667453 136.20522388059703
1406667464 138.45
1406667508 157.85
1406667519 159.58214285714286
1406667610 160.80714285714285
1406667648 151.75806451612902
1406667672 145.86363636363637
1406667692 136.84127044677734
1406667714 129.01666793823242
1406667747 133.09953753153485
1406667768 135.00675747845622
1406667811 130.13964183910474
1406667821 131.72396087646484
1406667875 140.9294876098633
1406667886 142.11392405063293
1406667951 161.94620253164555
1406667954 162.4527027027027
1406668022 182.2972972972973
1406668025 180.85
1406668062 147.203125
1406668073 143.9795918367347
1406668157 171.30102040816325
1406668160 168.921875
1406668173 151.18229166666669
1406668184 144.47574626865674
1406668240 140.95833120773088
1406668251 142.30855601542703
1406668293 136.88062935906487
1406668314 140.55555470784506
1406668346 128.18584635901072
1406668356 129.30439832475452
1406668418 120.72916793823242
1406668428 120.2500015258789
1406668468 126.82471518680967
1406668533 128.13362068965517
1406668544 128.46666717529297
1406668588 125.43210234465423
1406668598 125.70175753141704
1406668664 129.76922842172476
1406668676 130.4852690585824
1406668707 130.2153830895057
1406668728 126.31666564941406
1406668770 129.43055555555554
1406668782 132.05921052631578
1406668834 134.94078947368422
1406668846 133.89772727272725
1406668900 118.83441558441558
1406668923 122.24764150943396
1406668953 136.85576923076923
1406668975 138.0496575342466
1406669015 135.91267123287673
1406669026 132.75480769230768
1406669067 119.01470588235294
1406669077 117.20049504950495
1406669138 113.56518278971757
1406669168 116.08333396911621
1406669198 120.76219512195122
1406669209 120.77868852459017
1406669259 110.79268292682927
1406669291 108.44708930121527
1406669312 110.7248666551378
1406669322 112.68749872843424
1406669372 115.64880916050502
1406669392 114.57142857142857
1406669434 131.70892551967074
1406669456 134.4249979654948
1406669500 150.54166666666669
1406669522 154.22939560439562
1406669557 137.98259818946923
1406669591 134.36444305419923
1406669611 125.93666595458984
1406669632 129.76953125
1406669675 138.671875
1406669696 135.4794117647059
1406669739 122.93725617352655
1406669760 118.69444529215494
1406669791 154.8783071003263
1406669802 149.41468253968253
1406669854 132.86911764705883
1406669887 134.35032839524118
1406669930 124.3615578682192
1406669949 121.3266658782959
1406669980 123.503125
1406669989 128.7019230769231
1406670034 155.7948743380033
1406670058 165.26190621512276
1406670090 158.33030450994318
1406670113 156.3787904219194
1406670167 151.75
1406670200 273.3602941176471
1406670222 355.43382352941177
1406670235 408.309747803886
1406670275 337.31724802652997
1406670349 180.49999679565428
1406670375 234.12499863760812
1406670405 350.77272727272725
1406670419 373.27968337730874
1406670464 235.21437994722956
1406670509 236.6490765171504
1406670599 205.76846965699207
1406670724 225.83707124010556
1406670784 153.67105263157896
1406670800 137.53571428571428
1406670812 140.57142857142856
1406670871 161.06845238095238
1406670884 164.79411764705884
1406670939 142.25862068965517
1406670971 128.73270517025355
1406670992 123.29166793823242
1406671055 115.36529588046139
1406671065 118.24073946917498
1406671109 131.8333346048991
1406671131 138.10965166593854
1406671166 145.70833587646484
1406671187 142.26780189588231
1406671238 136.32888349514565
1406671269 132.4609375
1406671291 139.3203125
1406671334 143.88906455039978
1406671355 142.68846438481256
1406671412 130.8690005493164
1406671455 134.37846128023588
1406671477 145.63888888888889
1406671509 170.55952235630582
1406671533 173.04166412353516
1406671557 159.85237840924944
1406671591 151.073806980678
1406671603 147.89814560501662
1406671661 129.05864451844016
1406671672 128.78333587646483
1406671716 130.5333366394043
1406671771 170.3250026702881
1406671782 177.6960119328029
1406671830 137.00587108773243
1406671842 137.17753833273184
1406671899 139.3014684564927
1406671910 137.9880926949637
1406671955 134.48245158948396
1406671967 134.05151034268465
1406672020 130.0568171414462
1406672065 130.60227272727275
1406672075 135.7797619047619
1406672086 139.14583333333331
1406672141 121.07565789473685
1406672162 117.87499916553497
1406672194 120.37499916553497
1406672205 120.55660237006421
1406672257 117.08176152211315
1406672300 119.98148148148148
1406672311 127.80952380952381
1406672321 134
1406672377 146.33333587646484
1406672420 135.1100633729179
1406672430 131.26344127039755
1406672451 127.99929505687649
1406672493 120.89788288181111
1406672548 127.87916692097981
1406672559 128.93026315789473
1406672613 117.47806890387284
1406672643 116.97222201029459
1406672675 124.20370462205675
1406672685 125.00980519313438
1406672737 122.87745098039215
1406672777 121.25
1406672787 114.875
1406672797 113.74193548387098
1406672849 116.22540983606558
1406672858 116.39732142857143
1406672921 108.47857066563198
1406672961 103.90169466956186
1406672980 102.75641025641025
1406673000 103.40163934426229
1406673031 114.04918032786885
1406673041 113.82598057915183
1406673091 117.70588347491096
1406673099 115.9523822239467
1406673161 115.31792256603502
1406673172 117.04951939216028
1406673213 113.0206529368525
1406673264 106.60185213442202
1406673273 103.87129649409542
1406673294 105.69959677419355
1406673335 108.315
1406673344 108.06521739130434
1406673404 110.6951219512195
1406673426 110.8015873015873
1406673457 105.31746031746032
1406673467 105.97916666666666
1406673517 114.31702898550725
1406673536 116.71516393442623
1406673578 120.92105263157895
1406673612 118.49921302075656
1406673631 115.83854039510092
1406673660 116.39523735046387
1406673691 111.0476188659668
1406673701 111.43220313120696
1406673750 107.36271033852788
1406673760 106.29927386408266
1406673811 110.59891041465428
1406673842 108.79849537083359
1406673872 116.40095563794746
1406673903 126.0625
1406673934 128.3231707317073
1406673985 133.91393336311717
1406673995 133.23039088529697
1406674058 118.74852941176471
1406674070 117.00595238095238
1406674112 110.83928571428572
1406674121 109.90163934426229
1406674173 103.43715955390306
1406674182 104.58199051887757
1406674235 121.48141927976866
1406674256 129.00390708446503
1406674299 151.01617169736036
1406674323 153.56515239368787
1406674354 135.91125413968967
1406674400 121.9444440205892
1406674412 136.00060366202092
1406674423 135.94007522068665
1406674479 130.9531854350915
1406674501 130.41406416893005
1406674534 124.99348866939545
1406674543 125.95640845665565
1406674599 127.60447465127973
1406674610 127.26538250262921
1406674664 129.6484375
1406674674 130.04545454545456
1406674708 121.95
1406674719 121.30459770114942
1406674774 113.16091826866413
1406674795 115.75555419921875
1406674837 126.67075319110222
1406674901 149.61133310953775
1406674912 153.51153846153846
1406674956 128.89102818415716
1406674966 130.49561631052117
1406675008 138.3771971853156
1406675051 138.9772742878307
1406675074 125.20000076293945
1406675096 123.16228070175438
1406675131 127.6907894736842
1406675172 149.240234375
1406675195 155.56060606060606
1406675205 150.94230769230768
1406675250 143.59935643122748
1406675273 130.87142644609725
1406675306 125.6624984741211
1406675317 125.72110977172852
1406675374 119.13277740478516
1406675396 120.41666666666666
1406675440 124.5
1406675461 125.22641459051168
1406675493 129.18604713262513
1406675504 129.05799695607777
1406675557 111.38288271104967
1406675567 109.70295678415606
1406675619 107.75595110938663
1406675630 109.51886691687241
1406675672 113.32446808510639
1406675724 113.56506849315068
1406675735 121.05479452054794
1406675745 120.61522618046513
1406675786 112.73765352037218
1406675816 109.45833206176758
1406675858 115.58333279335335
1406675889 119.33413461538461
1406675910 112.35670731707317
1406675930 107.60357121058873
1406675980 113.9507084569187
1406676030 114.17641843971631
1406676071 118.52322318905689
1406676091 111.43965477778994
1406676100 107.03389849905241
1406676150 98.76366143148454
1406676161 98.49166646684918
1406676211 98.03333222525461
1406676220 98.686903490339
1406676272 104.52142857142857
1406676281 106.16125011444092
1406676332 113.98873315730566
1406676352 111.71111170450845
1406676392 107.60833358764648
1406676422 101.6875
1406676452 99.00000076293945
1406676472 100.49765385372538
1406676512 110.59295622059997
1406676523 110.30095089503698
1406676573 100.39618917192732
1406676582 98.98717821561374
1406676633 101.6923076923077
1406676664 103.6
1406676693 117.67213114754098
1406676725 127.21739130434783
1406676755 106.50869717805281
1406676785 103.39590241479092
1406676816 104.0091463414634
1406676826 105.06161971830986
1406676866 110.3080985915493
1406676887 110.8644578313253
1406676939 99.92168674698794
1406676949 98.48305084745763
1406676989 90.51525271140923
1406676998 90.52249870300292
1406677049 100.70054873791369
1406677089 103.85683568318686
1406677119 98.97863133748373
1406677127 99.89613414156264
1406677169 104.39251299871916
1406677188 107.56979293823242
1406677239 104.35625076293945
1406677249 105.28695717410764
1406677298 115.49637565059939
1406677308 114.30228655946021
1406677349 102.285
1406677358 101.55241917025658
1406677411 102.62096755735337
1406677420 101.44500007629395
1406677471 99.13950588085034
1406677501 102.68461487319443
1406677532 104.86538436386611
1406677562 102.5
1406677591 88.875
1406677602 89.97802197802199
1406677652 109.24175824175825
1406677682 115.66666630336216
1406677715 114.99444368150499
1406677736 113.0370364718967
1406677776 100.84568009553132
1406677796 98.15000076293946
1406677826 99.0030487804878
1406677837 99.60852713178295
1406677896 96.92926356589147
1406677955 93.69952945977869
1406677967 94.21138084225538
1406678017 106.63658383997475
1406678037 105.1499989827474
1406678077 95.69444529215494
1406678097 95.69086148661953
1406678139 101.83974486130934
1406678149 101.90277926127115
1406678189 96.1805566151937
1406678199 96.09039675179174
1406678248 100.80012114151664
1406678268 100.20833333333334
1406678318 96.16666666666666
1406678338 94.90000043596541
1406678378 103.2000013078962
1406678388 104.1258079774918
1406678440 111.75806476223853
1406678450 113.52941176470588
1406678491 124.39084507042253
1406678521 128.45081967213116
1406678552 116.09935897435898
1406678560 113.09619329005112
1406678621 121.37654212669091
1406678633 118.88888761732314
1406678675 103.53144627697063
1406678686 102.23125
1406678735 112.25
1406678756 115.99471830985915
1406678796 116.69894366197184
1406678806 117.0625
1406678867 117.83125
1406678876 117.41499999999999
1406678908 107.08500000000001
1406678917 107.66313559322035
1406678967 115.96926229508196
1406678978 115.94285740928044
1406679030 114.909710263743
1406679081 110.82786803949074
1406679091 112.70833206176758
1406679121 122.66666603088379
1406679151 115.1875
1406679161 112.24413833528723
1406679230 112.78702491053663
1406687681 98.14067825633293
1406687731 99.74999872843424
1406687791 103.41666666666666
1406687801 102.35091743119267
1406687851 90.45550306127706
1406687900 78.4141663869222
1406687911 86.50833263397217
1406687920 94.65448590792143
1406687971 98.0576923076923
1406688041 107.03703604804144
1406688061 106.39583206176758
1406688101 95.52083206176758
1406688121 93.06481382581923
1406688149 92.33888829549153
1406688191 93.25819759681576
1406688210 89.25833520889282
1406688231 84.3000020980835
1406688270 94.45238019982162
1406688280 97.07923370111183
1406688331 96.34999980926514
1406688340 96.05625
1406688391 101.5
1406688411 98.99385195872823
1406688452 89.54505341917604
1406688502 84.72499974568686
1406688512 85.83333333333334
1406688532 87.50847431764765
1406688571 88.06293027154331
1406688590 90.93879768496654
1406688632 93.44551409207858
1406688642 92.19936819921566
1406688692 99.61286950413185
1406688711 94.46376811594203
1406688752 86.29347826086956
1406688761 84.74456521739131
1406688811 90.10326086956522
1406688821 90.875
1406688871 96.16666793823242
1406688881 96.02777862548828
1406688931 95.15400797204126
1406688960 99.238889503479
1406688991 99.11077266786157
1406689001 97.85860655737704
1406689052 99.32321428571429
1406689071 99.15257352941177
1406689112 107.01470588235294
1406689120 105.31904776436943
1406689182 98.27160620983736
1406689201 99.82142934993823
1406689231 97.77439024390245
1406689242 95.675
1406689291 98.69666728973388
1406689302 99.9203397459903
1406689350 98.13050861681921
1406689361 97.80902777777777
1406689412 92.12361187405057
1406689422 91.10705194717798
1406689482 83.29935905260918
1406689490 82.82838983050848
1406689531 89.74576271186442
1406689541 90.28169014084507
1406689592 93.71830985915493
1406689602 94.37037054697672
1406689653 102.75926033655801
1406689664 101.7420774991395
1406689714 86.83045163566683
1406689745 83.01437406539917
1406689774 97.08749961853027
1406689794 97.5
1406689835 91.975
1406689844 92.86363636363637
1406689894 94.05050505050505
1406689934 106.72881459381621
1406689953 108.45128357716095
1406689973 106.18048895859137
1406690015 103.59451256728754
1406690035 101.25
1406690075 95.5
1406690115 96.97101449275362
1406690135 94.95652173913044
1406690144 96.52868852459017
1406690196 106.35416666666666
1406690216 108.19562103788732
1406690255 107.3384341025839
1406690265 106.78267856672699
1406690306 99.91249923706054
1406690365 96.6272724758495
1406690375 111.19545438072899
1406690394 111.29435483870968
1406690426 105.14274117254442
1406690437 103.45055516560873
1406690486 102.93333460489909
1406690497 103.52262011936733
1406690556 97.53076923076924
1406690607 91.76923076923077
1406690627 88.83333333333334
1406690667 89.5
1406690687 90.7966106867386
1406690726 92.1062515258789
1406690767 93.29508246750129
1406690787 94.37931034482759
1406690796 95.73728794162557
1406690846 92.64583206176758
1406690856 90.72916555404663
1406690916 87.97916650772095
1406690926 87.45833333333334
1406690966 116.16666666666666
1406690976 113
1406691028 110.37903225806451
1406691038 112.25
1406691088 97.90677966101694
1406691097 95.49152561769648
1406691147 92.66666793823242
1406691157 93.15847121692094
1406691208 98.09523844037737
1406691227 100.21388848622641
1406691268 100.55555530622894
1406691278 99.18032786885246
1406691329 92.37714396885463
1406691348 90.33125152587891
1406691397 86.675
1406691409 86.12962962962962
1406691459 90.41975308641975
1406691478 90.86652542372882
1406691518 91.275
1406691528 92.58333358764648
1406691568 114.95748426476304
1406691577 118.64378045310437
1406691639 102.45714285714286
1406691647 99.5
1406691689 101.38725594913258
1406691698 102.53229279518128
1406691757 92.84583225250245
1406691769 90.31693861914462
1406691818 81.8017239406191
1406691827 83.48749980926513
1406691869 91.92916431427003
1406691878 95.10310499546893
1406691928 105.3452377319336
1406691948 105.41666707684917
1406691990 98.92473245436145
1406692010 98.42857197352818
1406692060 110.33333206176758
1406692080 113.09999923706054
1406692110 103.0548780487805
1406692121 96.75
1406692169 88.92391304347825
1406692190 93.50625
1406692229 106.0614406779661
1406692249 114.41725352112675
1406692300 124.32786885245902
1406692310 121.15686274509804
1406692351 113.805
1406692360 116.98913010306981
1406692411 128.92753402046537
1406692420 130.85416412353516
1406692473 134.01388634575738
1406692483 129.2839485451027
1406692527 102.84126984126985
1406692546 100.62083333333334
1406692587 102.09803921568627
1406692597 102.5
1406692647 101.84523718697685
1406692667 98.11854332937321
1406692718 88.7166675567627
1406692727 88.90136181578345
1406692767 97.76337512922876
1406692808 104.84426229508196
1406692828 107.4607843137255
1406692859 117
1406692890 120.3495925345072
1406692900 117.4978890237929
1406692960 103.81856667240964
1406692969 101.78095365251814
1406693020 92.42857142857143
1406693030 94.18926575224279
1406693079 105.32500127156575
1406693090 102.7407060769888
1406693131 94.64248238357843
1406693141 96.38248482397047
1406693190 101.21327810772394
1406693200 99.84322117950957
1406693249 89.07083206176758
1406693260 86.8565565640809
1406693310 82.87121339277788
1406693370 93.4656867980957
1406693380 99.51552327473959
1406693412 103.93382352941177
1406693431 99.28017241379311
1406693470 89.35918015241623
1406693499 95.48203206062317
1406693550 91.49980610609055
1406693559 90.59687638282776
1406693620 83.44791555404663
1406693630 82.74999872843424
1406693669 84.42499872843425
1406693680 84.25201508306688
1406693731 91.87076271186442
1406693739 93.04166666666666
1406693791 91.32381046840123
1406693809 90.45512947669397
1406693860 86.98076923076923
1406693869 86.12341772151899
1406693919 76.22573712505871
1406693939 72.54575086107441
1406693970 74.50249881744385
1406693979 77.33876251906491
1406694040 84.50983146067415
1406694059 86.84791666666666
1406694100 86.59166770935059
1406694109 86.13276963314767
1406694150 83.03389830508475
1406694159 82.59533898305085
1406694209 87.2402271223657
1406694240 90.53755940182108
1406694280 90.81972581513074
1406694289 91.13333091735839
1406694339 94.59259291754829
1406694370 98.51229545718334
1406694400 99.25
1406694450 98.65677966101694
1406694459 99.075
1406694510 94.68333225250244
1406694519 92.70833206176758
1406694580 81.25
1406694600 80.06868131868131
1406694630 95.0467032967033
1406694671 95.40714285714286
1406694700 88.79273409721179
1406694710 86.95578104135942
1406694749 85.02833305358887
1406694760 84.0389344262295
1406694810 87.20833333333334
1406694820 88.64583333333334
1406694870 81.38888994852701
1406694880 79.66666793823242
1406694929 78.98611030578613
1406694940 79.63171915854177
1406694991 84.97471316107388
1406694998 84.72542449175302
1406695050 81.24193560692572
1406695060 80.69915254237287
1406695109 81.325
1406695130 84.025
1406695179 88.02083333333334
1406695190 87.97950819672131
1406695240 90.29166666666666
1406695250 92.3
1406695290 95.66326530612244
1406695299 93.8625
1406695350 79.48333333333333
1406695389 73.77777777777777
1406695420 73.2037037037037
1406695431 73.21440706414691
1406695479 76.12979888916016
1406695530 81.2681916465222
1406695550 81.25983047485352
1406695600 73.47190856933594
1406695619 73.61835656649825
1406695650 77.33997549526933
1406695669 79.16597181955973
1406695710 82.74509676764993
1406695720 84.36708749698687
1406695780 86.46962163418155
1406695789 88.02542502193128
1406695839 83.46428571428572
1406695859 79.20061728395062
1406695898 77.73765304942191
1406695920 79.40384542025052
1406695950 90.9423076923077
1406695959 92.84859138811137
1406696011 88.02934163053271
1406696021 89.02053031368533
1406696080 103.54047726222447
1406696091 105.02614492528579
1406696140 110.00245150397805
1406696182 108.38970588235294
1406696191 102.17857142857143
1406696203 95.88333347865513
1406696254 110.90000076293946
1406696263 112.11652607028768
1406696313 96.57991803278688
1406696324 92.40069421132407
1406696373 90.40112867193707
1406696383 92.85915401619926
1406696434 90.30751392203317
1406696444 92.5157028419384
1406696493 91.69263303452644
1406696503 92.0354938271605
1406696553 89.79629502473054
1406696574 88.3862986160537
1406696612 84.41071428571428
1406696623 84.54918032786885
1406696673 88.61111111111111
1406696713 84.5
1406696733 83.36666615804037
1406696743 85.25833257039389
1406696793 103.125
1406696805 104.42361132303873
1406696856 97.33854150772095
1406696865 96.67391304347825
1406696915 91.1956509023473
1406696925 90.63725363039504
1406696966 90.05646110067562
1406696974 90.3962947704174
1406697035 90.55555555555556
1406697074 93.4625
1406697095 89.5
1406697105 89.83333333333334
1406697155 90.6213768115942
1406697174 91.18037974683544
1406697215 84.19462025316456
1406697234 84.96875
1406697275 87.685
1406697284 87.7
1406697335 83.70081967213115
1406697345 85.11111132303873
1406697395 94.23550851794258
1406697414 92.62555618286133
1406697455 88.14506965959575
1406697485 86.41475371063733
1406697516 84.82017647592644
1406697523 84.97679452051091
1406697575 89.28059198886532
1406697595 89.90476281302315
1406697635 90.88095256260463
1406697645 90.75
1406697694 106.5
1406697714 104.7967032967033
1406697755 100.30494505494505
1406697785 95.75
1406697815 88.17307692307692
1406697824 87.225
1406697875 88.70833333333334
1406697905 92.10416603088379
1406697935 90.64583206176758
1406697945 89.6944433848063
1406697995 83.63276943918001
1406698004 82.56321946505842
1406698053 83.74043511562661
1406698065 84.23288933962385
1406698115 83.8004956782259
1406698355 88.59990347490347
1406698374 85.62916666666666
1406698415 71.49019607843138
1406698425 70.56967213114754
1406698476 75.6
1406698485 76.57594936708861
1406698535 79.66455696202532
1406698555 82.8333330154419
1406698594 84.93333239555359
1406698615 85.50164889345075
1406698655 83.88415765290213
1406698695 82.98571395874023
1406698714 82.31142845153809
1406698725 83.05
1406698775 83.3
1406698784 84.16931818181818
1406698835 85.64545301957564
1406698886 95.99302111538974
1406698955 91.13636363636364
1406698995 94.60493827160494
1406699016 88.69753086419753
1406699036 88.74050632911393
1406699076 82.59651898734177
1406699095 81.88841848858331
1406699135 83.41666793823242
1406699155 87.22222264607748
1406699195 90.980390885297
1406699206 88.06497095398984
1406699254 81.2011517491834
1406699264 82.61522872359664
1406699315 83.10288224396882
1406699335 84.73684310913086
1406699376 84.46403427124024
1406699436 80.59122772216797
1406699496 86.9684211730957
1406699505 87.06521739130434
1406699555 91.09420417011648
1406699565 91.82510399524077
1406699615 99.28394840381763
1406699636 99.3249979019165
1406699675 92.45578104135942
1406699685 92.20903849197646
1406699734 95.04166755676269
1406699755 93.40705255361704
1406699786 93.5882365656834
1406699806 96.26190567016602
1406699856 99.40254237288136
1406699865 96.14500000000001
1406699906 83.9680012512207
1406699915 84.72386529228905
1406699975 80.9829555424777
1406699994 85.15000127156576
1406700035 90.84444484710693
1406700054 88.1
1406700095 84.66666793823242
1406700105 84.86919958380204
1406700155 84.63185781165015
1406700174 88.42083460489908
1406700215 88.3169937133789
1406700225 87.89583333333334
1406700275 94.32415254237287
1406700284 94.88043478260869
1406700335 85.07789727915889
1406700344 84.00956175757236
1406700396 75.05645161290323
1406700406 74.72794117647058
1406700454 76.64705882352942
1406700464 78.23455056179776
1406700515 89.5182584269663
1406700543 92.33333333333334
1406700575 89.46031842912947
1406700585 88.72839633329414
1406700634 91.6141975308642
1406700656 90.82425742574257
1406700694 86.52524676181302
1406700735 88.12704893018378
1406700755 90.08333333333334
1406700765 89.33227848101265
1406700814 81.83544303797468
1406700834 80.49180327868852
1406700875 85.83653846153845
1406700886 87.60109266687613
1406700936 89.22222201029459
1406700946 88.59016393442623
1406700997 86.6214267185756
1406701016 84.1824691377837
1406701055 73.16833305358887
1406701066 72.26639344262296
1406701116 80.125
1406701126 81.44303797468353
1406701176 83.15822784810126
1406701195 83.62745098039215
1406701227 82.08942990186738
1406701236 81.77637003645111
1406701296 82.39662320100808
1406701306 82.5344817062904
1406701346 94.50574822261416
1406701354 94.54074189927843
1406701415 94.33055585225424
1406701436 94.81961991515341
1406701476 94.29746864415422
1406701494 93.32857142857142
1406701536 82.42857142857143
1406701546 81.3796297709147
1406701596 80.61111068725586
1406701626 80.67857142857143
1406701656 91.48214285714286
1406701666 90.95689655172413
1406701707 88.38434035202553
1406701714 87.79700959034454
1406701776 85.48717850905199
1406701785 84.98248472052106
1406701826 87.55084810418597
1406701835 86.85822861104072
1406701896 79.17510421366632
1406701905 79.83333225250244
1406701956 84.86881188118812
1406702006 81.86904852730888
1406702026 83.30797228605852
1406702075 89.93647565998015
1406702087 88.7282789886975
1406702136 79.49848637436375
1406702186 75.73091921599016
1406702196 80.53043481577998
1406702205 80.62500009536743
1406702255 84.15277713139852
1406702316 79.23888888888888
1406702345 75.18926491171626
1406702375 75.43333282470704
1406702395 76.89906139105139
1406702435 77.69718417315416
1406702446 79.53431499705596
1406702486 88.16666793823242
1406702506 89.3935195075141
1406702554 94.16296327379015
1406702576 92.21830985915493
1406702616 77.97887323943662
1406702625 79.91999977111817
1406702666 102.66939763553808
1406702686 109.61111017862956
1406702741 110.125
1406702774 106.7055564880371
1406702786 106.45833444595337
1406702851 104.76736009120941
1406702870 105.24801460145011
1406702914 95.34166641235352
1406702925 91.52049180327869
1406702975 94.9375
1406702985 96.63333320617676
1406703035 95.07777701483832
1406703075 91.41797710804457
1406703095 91.06029810530416
1406703124 87.36723036685233
1406703154 82.95833110809326
1406703164 81.64285496303013
1406703213 87.90952595302036
1406703224 86.12243035398883
1406703275 80.46656408427674
1406703294 80.23541666666667
1406703335 86.12916666666666
1406703354 85.96739130434783
1406703394 85.79347826086956
1406703404 84.0635593220339
1406703453 78.096875
1406703484 79.77868852459017
1406703514 82.26923076923077
1406703523 83.325
1406703574 87.28169014084507
1406703594 87.72131172555392
1406703635 95.35000076293946
1406703684 104.71398318015923
1406703694 102.98214285714286
1406703705 100.70138888888889
1406703753 97.65972222222223
1406703784 97.31687291463217
1406703814 88.52674992879233
1406703834 93.13043605417445
1406703874 94.3913043478261
1406703883 98.30296610169492
1406703933 105.74999938472624
1406703945 105.94077593608966
1406703995 111.31067961165049
1406704036 113.70979532163743
1406704166 126.75595474243164
1406704176 127.76221518680967
1406704240 124.77370689655172
1406704282 126.51807228915662
1406704291 127.8433734939759
1406704323 121.58064516129032
1406704353 105.00961538461539
1406704362 104
1406704414 116.33333333333334
1406704422 118.52173913043478
1406704474 111.41304347826087
1406704483 114.37500038146973
1406704534 134.97894027206922
1406704574 137.5833339691162
1406704594 121.16666507720947
1406704614 118.4115204045802
1406704654 113.1929009049027
1406704675 112.45833333333334
1406704717 118.61680327868852
1406704736 119.3075
1406704767 134.34127171834308
1406704778 139.09563095843205
1406704828 114.66666793823242
1406704878 103.45833333333334
1406704888 104.45238095238095
1406704899 103.40694421132406
1406704948 103.71319421132407
1406704959 106.1440859763853
1406705010 118.32023784092495
1406705071 122.71720504760742
1406705103 116.9054061271049
1406705134 119.47522287111025
1406705145 114.24679286663348
1406705186 105.05443548387098
1406705207 107.44877092955542
1406705247 108.62363515134717
1406705268 108.11979252099991
1406705311 99.10546875
1406705332 97.59375
1406705372 117.00803647722518
1406705423 126.9568549740699
1406705434 122.625
1406705445 117.396484375
1406705498 120.3984375
1406705509 120.37735849056604
1406705551 115.51612903225806
1406705602 106.921875
1406705613 115.96875
1406705623 113.23116438356163
1406705676 103.56050355467077
1406705686 101.80737811229268
1406705726 97.95355087030129
1406705737 98.0952369773781
1406705796 99.59999818068285
1406705817 104.25409779783155
1406705857 117.76666793823242
1406705867 117.3055566151937
1406705917 101.75
1406705927 100.81073424775721
1406705967 105.7203391770185
1406705976 105.4891302689262
1406706036 95.99178384055554
1406706047 95.16527754465739
1406706096 102.30649695962163
1406706106 103.9951692664105
1406706157 99.52053252510402
1406706165 100.22777887980143
1406706207 109.98611132303873
1406706217 109.3578431372549
1406706277 109.25490196078431
1406706309 107.98230088495575
1406706330 110.36651790247555
1406706390 110.52083206176758
1406706399 92.73645706176758
1406706410 92.08333206176758
1406706450 90.625
1406706470 91.11795774647888
1406706521 81.5375
1406706530 79.93877527665119
1406706570 97.10797994909151
1406706601 106.33333206176758
1406706632 94.76422733213843
1406706642 93.4523811340332
1406706692 98.21428680419922
1406706702 99.35416793823242
1406706760 92.79166793823242
1406706772 92.92161843328194
1406706812 99.13811957482065
1406706861 102.85735315435073
1406706872 97.89607979269589
1406706880 98.9299528149591
1406706932 105.89130451368248
1406706941 106.08823529411765
1406707000 101.95774647887325
1406707012 101.88461538461539
1406707052 99.05102040816327
1406707061 97.8932584269663
1406707112 94.83005617977528
1406707141 91.082639503479
1406707172 102.52439247689597
1406707182 107.86619954713633
1406707243 115.54732541684751
1406707263 116.34313725490196
1406707294 118.625
1406707325 120.63333333333333
1406707354 114.15548780487805
1406707366 111.50694465637207
1406707415 117.71238660812378
1406707426 116.6314837137858
1406707485 100.01851781209311
1406707505 99.92483483108819
1406707536 101.65446900158393
1406707546 101.91545657835145
1406707594 109.50966036146966
1406707605 110.54976744121976
1406707655 102.65856462054782
1406707666 102.33744873235256
1406707724 92.00308750293873
1406707736 93.44892600274855
1406707775 103.63709677419355
1406707786 108.46643479665121
1406707836 127.36689726511638
1406707847 131.15962294457665
1406707896 130.5070411789585
1406707907 131.53630845206123
1406707966 131.3394495412844
1406708006 134.00955403179205
1406708016 131.93176092617753
1406708075 116.06898104349773
1406708106 112.70512863829896
1406708137 105.34358781248659
1406708166 105.80221422412728
1406708205 107.418987129308
1406708216 108.36029411764706
1406708256 104.89166564941407
1406708266 101.85833206176758
1406708306 97.49166641235351
1406708316 99.67857142857143
1406708376 119.5
1406708396 134.69811320754718
1406708429 150.81578947368422
1406708453 142.8050847457627
1406708488 135.06089743589743
1406708567 132.8269230769231
1406708570 132.16388880411785
1406708612 117.4205952050551
1406708623 113.90555324554444
1406708672 107.26570101751798
1406708692 109.77777904934354
1406708735 106.21698034034586
1406708745 104.51388740539551
1406708795 102.30504391171516
1406708854 100.67023789542063
1406708865 99.68809503827777
1406708914 98.07142748151506
1406708924 96.08333206176758
1406708975 94.125
1406708984 93
1406709034 103.375
1406709055 102.80625
1406709094 107.4375
1406709115 111.33125
1406709154 107.9382911392405
1406709194 100.57991803278688
1406709215 108.475
1406709224 114.3375
1406709275 117.45833333333334
1406709305 122.52459016393442
1406709336 110.86829152921351
1406709346 108.57457474530753
1406709395 104.11321922828411
1406709404 101.25478269233079
1406709456 121.70129142009037
1406709475 131.03125
1406709516 110.42142857142858
1406709545 97.62
1406709575 99.77000000000001
1406709616 102.56830515627001
1406709636 101.90476063319615
1406709644 101.30169360920534
1406709695 98.61219359607232
1406709726 96.83428486415318
1406709755 101.08571406773159
1406709765 99.75706236241228
1406709806 87.32768598653502
1406709814 86.54444681803386
1406709866 87.1352460892474
1406709875 87.33653860825758
1406709935 93.33012932997484
1406709944 94.40437285626521
1406709996 92.98360674498511
1406710005 91.63924036146719
1406710046 93.74577978592885
1406710075 92.3416653951009
1406710114 97.51666539510092
1406710136 97.03278607227763
1406710175 97.51399940490722
1406710186 96.62584193368977
1406710236 91.73876404494382
1406710264 89.8
1406710286 94.88306451612902
1406710295 97.33124980926513
1406710346 103.1291067096549
1406710366 103.06830515627001
1406710407 102.07862903225806
1406710428 103.04293913513649
1406710478 106.17493834750343
1406710538 106.46361649204309
1406710549 106.57000099182129
1406710588 109.89583230018616
1406710597 109.14833183288575
1406710648 98.24319060419647
1406710668 97.60546387219038
1406710709 105.13912556535107
1406710727 107.17210238912831
1406710778 103.4225543478261
1406710819 100.3790859895594
1406710829 101.97701276581863
1406710848 108.42500127156575
1406710889 115.41911891862458
1406710899 114.03932034129828
1406710960 98.23035714285714
1406710969 97.15357142857144
1406711018 96.71190349033901
1406711030 98.99166564941406
1406711069 114.06874980926514
1406711078 115.86144578313252
1406711131 127.1566265060241
1406711152 125.69568062827226
1406711298 138.88350785340316
1406711322 132.61708860759495
1406711377 126.125
1406711412 123.10227272727272
1406711432 112.54166666666666
1406711442 108.3125
1406711492 106.0514705882353
1406711510 109.79375
1406711552 122.1875
1406711572 125.40625
1406711621 112.3953125
1406711632 113.36601279763615
1406711672 120.55555328668333
1406711683 121.964703503777
1406711736 133.60147027408374
1406711757 132.5
1406711802 115.375
1406711855 109.81
1406711877 107.58505154639175
1406711909 103.00876212365849
1406711952 93.54961512638972
1406711974 103.18981481481481
1406712006 126.86882640697338
1406712028 121.59374785423279
1406712038 117.0719672983343
1406712093 116.34280269796199
1406712116 115.720703125
1406712157 108.6923076923077
1406712168 107
1406712209 109.125
1406712241 106.125
1406712281 102.1310975609756
1406712323 103.3625
1406712332 98.18125
1406712341 99.07065217391305
1406712391 105.2409420289855
1406712401 105.6637323943662
1406712451 92.8990623044296
1406712462 94.25956388379706
1406712512 95.42655259471829
1406712521 94.28248479810811
1406712571 96.44047709873745
1406712591 98.86881290095867
1406712633 107.7683157968049
1406712672 108.35749921798705
1406712693 101.02499961853027
1406712713 99.8
1406712752 101.85375076293946
1406712793 98.8300002415975
1406712812 98.9129746835443
1406712872 135.625
1406712892 146.6919014084507
1406712933 118.00821723400708
1406712943 116.42607633529171
1406712995 109.54166666666666
1406713015 118.44877049180329
1406713056 134.57452889208525
1406713110 123.5141523109292
1406713121 124.62590514033674
1406713174 124.46586218224951
1406713193 127.16794744638295
1406713228 108.99487052330605
1406713239 110.38095110938663
1406713291 116.89814779493544
1406713311 116.25
1406713359 109.41666793823242
1406713371 111.12051362257738
1406713411 127.49672054853596
1406713432 132.69999949137372
1406713474 142.72972972972974
1406713506 156.57894736842104
1406713540 158.63157894736844
1406713550 164.81355932203388
1406713599 177.12328767123287
1406713623 162.69565217391306
1406713657 140.93115942028987
1406713668 135.11133891246357
1406713713 132.74863446345094
1406713779 122.47587736029374
1406713789 119.80601051205494
1406713840 113.39617338336882
1406713850 114.27049074016634
1406713891 108.2628420845407
1406713901 109.84084561844946
1406713952 114.65915438155054
1406713962 116.94516028127363
1406714014 115.98705700145048
1406714047 108.62999924879807
1406714079 106.32831325301206
1406714130 103.69672131147541
1406714140 104.0655737704918
1406714191 112.32172131147541
1406714201 111.95286885245902
1406714252 118.21189024390245
1406714283 123.26440377882969
1406714313 104.95576227447134
1406714333 103.54943673085359
1406714372 104.26333488464356
1406714383 105.25231589211359
1406714434 111.30092483096652
1406714444 112.75925816429987
1406714496 133.3240738974677
1406714506 133.58035714285714
1406714552 131.54545454545456
1406714561 130.8170731707317
1406714623 133.890243902439
1406714634 129.1458330154419
1406714667 117.84079474833474
1406714701 120.86625440621081
1406714744 139.50102620065948
1406714748 140.69871579683743
1406714796 197.24727030269435
1406714971 442.8657786885246
1406714992 440.878048129198
1406715049 137.72560733702124
1406715053 133.50694211324057
1406715097 131.36666870117188
1406715108 132.31666870117186
1406715152 138.9166687011719
1406715163 136.86905016217912
1406715215 152.46505417362334
1406715225 158.24056603773585
1406715268 144.39038461538462
1406715290 133.76785714285714
1406715334 123.67857142857143
1406715345 123.73546511627907
1406715398 120.86240182920943
1406715420 120.49999900817872
1406715498 185.73214285714286
1406715510 210.39285714285714
1406715532 229.7247018814087
1406715566 160.23030097267844
1406715587 117.36822754144669
1406715630 126.90716930102276
1406715680 138.8090917413885
1406715691 118.0690915888006
1406715740 121.78048780487805
1406715752 134.28455538865995
1406715773 135.34722391764325
1406715815 123.28676470588235
1406715824 120.34475806451613
1406715877 112.333984375
1406715888 113.20286885245902
1406715938 125.28571428571428
1406715958 124.36864406779661
1406715997 113.37755102040816
1406716007 112.19444444444444
1406716057 119.41666666666666
1406716087 120.8450704225352
1406716117 120.69014084507043
1406716128 123.19280990899779
1406716168 135.92857096146565
1406716177 137.4225355336364
1406716239 137.75000254313153
1406716261 131.1217974149264
1406716291 124.02083396911621
1406716301 124.65983606557377
1406716352 144.05357142857144
1406716371 145.59677419354838
1406716414 104.88679245283019
1406716424 98.31400984612064
1406716474 115.38405907672384
1406716483 112.44535665043065
1406716535 99.14516276697958
1406716545 101.66071537562779
1406716596 98.53035730634417
1406716605 99.59691011235955
1406716656 86.89606741573033
1406716685 90.10833333333333
1406716716 98.67307692307692
1406716737 99.3125
1406716778 94.29166666666666
1406716788 93.70107045304884
1406716838 101.85642424417199
1406716887 106.0616683959961
1406716908 104.16256957757668
1406716948 94.08673492743044
1406716957 94.32499980926514
1406717008 99.60382599127098
1406717018 98.97916793823242
1406717077 106.03958206176758
1406717088 104.87158365718653
1406717138 107.05737704918033
1406717149 108.5
1406717198 108.25980483784394
1406717217 109.46448254194416
1406717259 113.19182543484669
1406717270 112.72222328186035
1406717315 106.13131332397461
1406717325 106.02816901408451
1406717376 113.97183098591549
1406717386 113.97916666666666
1406717429 108.28958257039389
1406717448 107.96821982173597
1406717488 109.17892156862746
1406717499 108.12568283081055
1406717549 103.68749872843424
1406717559 102.32335571503975
1406717620 100.872428941138
1406717640 108.74043843003571
1406717681 112.01923003563513
1406717692 109.25438469334652
1406717735 114.53289473684211
1406717757 116.55357142857143
1406717801 132.41071428571428
1406717812 133.63333333333333
1406717846 128.05970149253733
1406717879 123
1406717923 119.25
1406717945 120.36764705882354
1406717968 130.30882352941177
1406718025 163.7125
1406718028 165.91666717529296
1406718040 162.5663862066754
1406718087 192.5436977293433
1406718122 231.62673449516296
1406718183 153.45535714285714
1406718206 125.51470588235294
1406718217 132.0625
1406718228 137.025
1406718271 128.26666793823242
1406718282 126.26388994852701
1406718327 115.82070726336855
1406718337 115.27777777777777
1406718392 121.43055555555556
1406718426 121.08567415730337
1406718448 119.00140449438203
1406718481 118.22666610717773
1406718512 114.84111129760743
1406718523 117.09946213999102
1406718574 134.0792347642242
1406718584 135.61363636363637
1406718627 167.85227272727275
1406718662 151.74683544303798
1406718696 130.21518987341773
1406718706 126.23076923076923
1406718761 127.61111005147299
1406718772 127.14778518676758
1406718816 124.572265625
1406718825 124.29615384615386
1406718881 114.98076923076923
1406718903 113.995
1406718934 127.63
1406718956 126.2916671037674
1406718988 119.95833313465118
1406718998 118.6354169845581
1406719052 116.326127232732
1406719072 117.52222188313803
1406719112 125.89999847412109
1406719122 126.94444402058919
1406719172 125.77381243024553
1406719192 123.12096946470199
1406719234 119.875
1406719264 119.875
1406719294 118.60000076293946
1406719314 117.10897563054012
1406719346 115.10658947257109
1406719357 115.63095256260463
1406719412 115.28571537562779
1406719423 116.65000127156576
1406719466 110.6
1406719487 113.36643835616438
1406719539 119.66256938996862
1406719548 119.3725502911736
1406719590 111.44025082858104
1406719601 110.46913453090337
1406719652 112.51543209876543
1406719671 115.79791666666667
1406719712 122.62808641975309
1406719752 129.6033950617284
1406719771 143.59938576780718
1406719793 145.76458489894867
1406719835 136.22955646155015
1406719846 134.9166628519694
1406719901 127.4166646684919
1406719923 122.96634542025052
1406719953 119.44642857142857
1406719993 132.67827868852459
1406720014 148.18951612903226
1406720024 147.15456968738187
1406720076 124.89880825224377
1406720087 125.06031632196336
1406720138 117.4126971290225
1406720181 119.97222198001921
1406720201 119.08333333333334
1406720211 118.97916666666666
1406720251 124.64583333333334
1406720261 124.31854851015152
1406720313 115.89207393367116
1406720343 113.48169058141573
1406720375 126.54882893092196
1406720384 124.61904975346157
1406720427 121.42857161022368
1406720459 111.407406700982
1406720499 109.7051291832557
1406720511 113.8431376288919
1406720550 119.09666412353516
1406720561 116.30439599355063
1406720611 114.98726812998453
1406720622 113.17405891418457
1406720673 104.81284025848889
1406720683 104.28225720313287
1406720735 116.51455258566236
1406720746 119.35185417296395
1406720798 118.98453667237587
