1406623644 2601686.274509804
1406623675 2464289.634146341
1406623685 2442038.0434782607
1406623736 2408469.5652173916
1406623744 2454349.152542373
1406623795 2835990.322580645
1406623806 2926809.8360655736
1406623856 3295987.912087912
1406623897 3267670.7996575343
1406623919 3029157.5702054794
1406623929 2997785.1822289154
1406623981 3014426.204819277
1406624002 3016265.625
1406624037 3170491.2280701753
1406624059 3172476.1904761903
1406624091 2709964.2857142854
1406624100 2668081.973360656
1406624152 2580349.768442623
1406624161 2580814.14010989
1406624222 2539461.548076923
1406624243 2529500
1406624282 2365000
1406624312 2236071.4285714286
1406624331 2098630.529166667
1406624342 2092693.0533536584
1406624402 2454390.3216463416
1406624413 2520602.5348360655
1406624463 2762826.395833333
1406624473 2758555.5625
1406624523 2411965.472457627
1406624532 2390372.6286764704
1406624584 2769298.219362745
1406624625 2761377.049180328
1406624635 2759438.524590164
1406624645 2741221.31147541
1406624696 3040508.0302419355
1406624707 3119986.8304794524
1406624759 3231333.904109589
1406624769 3184938.253012048
1406624821 2726642.168674699
1406624842 2634955.541666667
1406624884 2925700.8715753425
1406624915 3008223.8539156625
1406624937 2689234.939759036
1406624967 2761888.869047619
1406625000 2956116.65
1406625022 3018150
1406625055 3202720.5882352944
1406625090 3338000
1406625125 3304002.7173913047
1406625170 3288934.7826086953
1406625182 3242650
1406625237 3090800
1406625270 3061100
1406625304 3563700
1406625316 3555537.96835443
1406625360 3318510.518987342
1406625383 3322923.9779411764
1406625417 3300507.3529411764
1406625428 3371973.537698413
1406625480 3551583.291666667
1406625500 3438928.986111111
1406625534 3077652.777777778
1406625554 2968332.195945946
1406625598 3183188.0270270268
1406625608 3159575.715909091
1406625652 2969409.090909091
1406625664 2982456.5217391304
1406625721 3138022.09375
1406625732 3110733.375
1406625776 3145286.938291139
1406625811 3156149.1228070175
1406625833 2986757.8443396227
1406625864 2883401.2403846155
1406625898 2992883.024122807
1406625921 2986892.8571428573
1406625963 2865767.8571428573
1406625996 2720083.333333333
1406626017 2592875
1406626026 2555820.564516129
1406626079 2452023.8095238097
1406626089 2438989.0778688528
1406626140 2285013.7028688528
1406626150 2312998.399509804
1406626191 2722763.888888889
1406626222 2939719.626168224
1406626265 3155213.7850467293
1406626298 3201080
1406626320 3052846.511627907
1406626341 2947755.541666667
1406626383 2951194.9268867923
1406626394 2941338.238425926
1406626437 3277800
1406626449 3349135.3846153845
1406626502 2859490.234375
1406626513 2813589.8539156625
1406626553 2932465.879518072
1406626585 3424289.1084337346
1406626629 4070520.00753012
1406626636 4189487.7954545454
1406626673 3605300
1406626684 3621060.5057692304
1406626738 3018936.9256756757
1406626758 2979991.474358974
1406626804 3642038.4903846155
1406626816 3659519.0892857146
1406626851 3173685.7142857146
1406626874 3059243.421052632
1406626915 3050894.736842105
1406626927 3081637.931034483
1406626970 3116215.5172413792
1406627002 3306719.0265486725
1406627070 2963340.707964602
1406627083 3127779.8913043477
1406627094 3210978.2608695654
1406627116 3376263.888888889
1406627162 3322944.486111111
1406627193 3340118.8449074076
1406627216 3697381.9444444445
1406627229 3821262.2950819675
1406627277 3509521.7391304346
1406627298 3400613.6363636367
1406627332 3231250
1406627343 3230779.8507462684
1406627399 3623568.1818181816
1406627409 3669946.4285714286
1406627455 3530824.778761062
1406627511 3343325.917035398
1406627522 3303279.376838235
1406627579 3337821.6911764704
1406627590 3388377.142628205
1406627657 3559396.75528169
1406627661 3555091.541666667
1406627696 3447350.5
1406627708 3420460.7142857146
1406627766 3414557.1428571427
1406627778 3462375
1406627834 3393899.193548387
1406627871 3079720.3389830505
1406627893 2983411.5384615385
1406627936 2946916.666666667
1406627947 2965636.3636363633
1406628000 3215847.9338842975
1406628057 3413211.304347826
1406628115 3266836.9565217393
1406628149 3247376.2376237623
1406628216 3970823.943661972
1406628220 3998229.4117647056
1406628231 3740110.294117647
1406628301 3709125
1406628316 3692000
1406628361 3630702.247191011
1406628405 3787222.1916666664
1406628421 3750523.7678571427
1406628433 3671063.1853448274
1406628479 3529304.076754386
1406628536 3176220.764254386
1406628547 3176170.8860759493
1406628603 3224760.5901898732
1406628615 3238557.0592105263
1406628660 3174581.949438202
1406628704 3159710.757352941
1406628717 3186436.810661765
1406628728 3200546.4673423423
1406628782 3159744.7274774774
1406628828 3186666.666666667
1406628840 3162525.362318841
1406628851 3162900
1406628895 3255900
1406628906 3261197.428846154
1406628960 2983526.625
1406628981 2867402.75
1406629013 2848322.083333333
1406629023 2818460.616438356
1406629076 2799164.383561644
1406629086 2787325.396825397
1406629139 3047988.5057471264
1406629173 3284650
1406629195 3164350
1406629239 3146516.7
1406629250 3091166.708333333
1406629272 3030981.513888889
1406629316 3068377.791666667
1406629349 3125627
1406629382 3319987.375
1406629416 3456891.842105263
1406629439 3423266.6875
1406629496 3588463.0434782607
1406629508 3596847.4025974027
1406629573 3592459.87654321
1406629613 3515410.185185185
1406629670 3386747.794117647
1406629681 3299166.6875
1406629692 3235541.708333333
1406629736 3162041.666666667
1406629747 3169255.769230769
1406629801 3138973.6842105263
1406629823 3063256.7567567565
1406629864 3032184.121621622
1406629875 3004668.9814814813
1406629918 3049574.404761905
1406629959 3099592.465753425
1406629980 3074648.97260274
1406629991 3080804.6875
1406630034 3012059.375
1406630044 3057429.166666667
1406630098 3190900.041666667
1406630130 3292953.016025641
1406630154 3087792.746794872
1406630176 3065839.7435897435
1406630220 3354685.855769231
1406630232 3369825.7340909094
1406630275 3526124.284090909
1406630287 3552696.375
1406630336 3722053.625
1406630348 3676741.177631579
1406630393 3274431.4642857146
1406630404 3201328.982371795
1406630459 2982307.644230769
1406630471 2967291.632352941
1406630515 2847999.992647059
1406630527 2851791.666666667
1406630577 2808194.4444444445
1406630641 2806668.918918919
1406630651 2818288.5141509436
1406630694 2983966.9056603773
1406630704 3028844.6712328764
1406630757 3235988.578767123
1406630767 3267500
1406630810 3244200
1406630832 3318125
1406630876 3050337.9629629627
1406630886 2951425
1406630931 3092596.4285714286
1406630942 3152522.0442307694
1406630996 3179106.625
1406631017 3362828.004545455
1406631051 4009926.724137931
1406631075 4176750
1406631121 3582218.75
1406631155 3448369.0223214286
1406631177 3494970.972826087
1406631201 3514391.277173913
1406631235 3236251.2010869565
1406631246 3218404.4943820224
1406631324 3390481.707317073
1406631328 3369262.826923077
1406631350 3152273.0301724137
1406631415 3126462.7253289474
1406631426 3152925.7419871795
1406631482 3062115.8830128205
1406631493 3046688.847222222
1406631536 3000948.4198113205
1406631546 3057262.5
1406631600 3384507.692307692
1406631611 3380955.3571428573
1406631656 3333763.157894737
1406631668 3320780.7105263155
1406631713 3209869.1227678573
1406631724 3179578.201171875
1406631777 3070394.4566666665
1406631799 3334758.9285714286
1406631833 3770900
1406631844 3717217.1052631577
1406631897 3759013.157894737
1406631909 3685343.220338983
1406631956 3615815.1408450706
1406631980 3594777.1739130435
1406632025 3392644.7039473685
1406632037 3288731.4305555555
1406632079 3105809.83984375
1406632101 3073601.8194444445
1406632135 3049347.119949495
1406632178 3213903.125
1406632199 3668072.580645161
1406632209 3797219.7045454546
1406632254 3670090.7279411764
1406632277 3639320.217105263
1406632311 3267816.3295454546
1406632321 3175558.1285211267
1406632382 3193994.089788732
1406632392 3215470.551470588
1406632435 3376252.435294118
1406632467 3432958.333333333
1406632498 3358226.1904761903
1406632509 3352218.75
1406632562 3557863.3720930233
1406632595 3543206.3273809524
1406632616 3115095.1607142854
1406632625 3084534.474085366
1406632678 2786386.2103658537
1406632698 2766039.724206349
1406632730 2841144.882936508
1406632741 2836908.027777778
1406632802 3002630.53313253
1406632824 3209666.666666667
1406632857 3434041.666666667
1406632868 3474619.796875
1406632913 3284939.4204545454
1406632945 2972785.755952381
1406632976 2691463.393292683
1406632986 2695200.459586466
1406633109 3324218.2529761903
1406633112 3340012.7118644067
1406633156 3467574.152542373
1406633168 3520686.1166666667
1406633224 3515804.661111111
1406633246 3637489.625
1406633280 3934708.375
1406633304 3955460.351190476
1406633338 3996040.234126984
1406633394 3228269.886904762
1406633406 3247372.3295454546
1406633460 3412214.25
1406633471 3484347.5379746836
1406633516 3541292.1819620254
1406633539 3571746.875
1406633585 3272615.625
1406633596 3256280.186594203
1406633640 3193400.9329710146
1406633654 3284680.138513514
1406633714 4442011.730633803
1406633725 4471457.375
1406633757 3951190.5178571427
1406633781 3851883.3607142856
1406633816 3543416.6732142856
1406633827 3598806.25
1406633880 3396563.5674342103
1406633903 3139013.9934210526
1406633937 2954086.8190789474
1406633979 3229144.416666667
1406634000 3521757.534090909
1406634012 3575432.0694444445
1406634058 3488866.2731481483
1406634081 3327743.669117647
1406634126 2937380.7236842103
1406634176 2722697.8260869565
1406634218 2728339.75
1406634239 2605359.625
1406634249 2603207.5661764704
1406634290 2622497.3951612907
1406634311 2688175.06875
1406634350 2932338.443877551
1406634360 2979818.5483870967
1406634412 2903454.3650793647
1406634423 2932941.5322580645
1406634474 3257758.064516129
1406634485 3290023.4375
1406634538 3259621.1834415584
1406634562 3254879.3522727275
1406634593 3509798.057471264
1406634649 3701034.6534653464
1406634661 3259692.0792079205
1406634694 3246850
1406634716 3321000
1406634738 3245388.03515625
1406634771 3107761.712890625
1406634780 3073090.9147727275
1406634837 3101533.315625
1406634860 3112769.75
1406635036 3135486.5
1406635077 3146861.152777778
1406635099 3029735.1607142854
1406635133 2716302.3343023257
1406635142 2700927.570093458
1406635196 3183542.990654206
1406635240 3313433.333333333
1406635262 3368705.882352941
1406635274 3391313.436567164
1406635319 3403088.82369403
1406635374 3484592.074626866
1406635396 3561660.961206896
1406635432 3879565.06402439
1406635478 4776261.538461538
1406635497 5074590.517241379
1406635507 4919710.820895523
1406635564 3517173.9130434785
1406635576 3507120.01
1406635614 3733594.7012711866
1406635635 3592865.221590909
1406635680 3150458.3375
1406635735 2877989.701923077
1406635745 2863226.625
1406635797 2826038.625
1406635860 2756901.53313253
1406635880 2748007.863095238
1406635923 2855250.03125
1406635944 2799704.3286290322
1406635975 2695837.6411290322
1406635985 2677532.936746988
1406636038 2818617.501506024
1406636058 2925054.528846154
1406636090 3135862.671296296
1406636112 3222500
1406636156 3259003.846153846
1406636177 3191243.4325657897
1406636221 2985265.3865131577
1406636232 2966322.958333333
1406636273 2952666.666666667
1406636293 2964710.9375
1406636337 2894450
1406636348 2879955.6451612907
1406636399 2927029.5081967213
1406636409 2938125.396825397
1406636462 2999525
1406636515 3058505.9523809524
1406636525 3044189.5161290322
1406636577 3154956.5789473685
1406636620 3356768.8172043012
1406636637 3343552.419354839
1406636670 3262717.007075472
1406636690 3212005.3911290322
1406636701 3236027.770833333
1406636756 3100417.962890625
1406636765 3046533.333333333
1406636810 3055539.2857142854
1406636821 3081800.9070945946
1406636884 3079343.375
1406636896 3063886.122706422
1406636941 2942071.4266055045
1406636993 2936326.1904761903
1406637004 3022438.4615384615
1406637058 3564235
1406637104 3739387.931034483
1406637116 3714250
1406637138 3660948.529411765
1406637184 3648740.7407407407
1406637219 3662967.830882353
1406637320 3756757.5503355702
1406637358 3480704.697986577
1406637368 3494500
1406637413 3332063.432835821
1406637435 3247726.1904761903
1406637476 3326750
1406637497 3307807.678846154
1406637530 2904326.8884615386
1406637541 2890312.451171875
1406637594 3231771.7115384615
1406637606 3303864.019230769
1406637659 3120656.9447674416
1406637692 2940575.36130137
1406637723 2705229.446917808
1406637732 2686050
1406637774 2675700
1406637783 2660004.0922131147
1406637835 2527345.1964285714
1406637846 2536861.0770833334
1406637895 2833985.9154929575
1406637917 2936513.242063492
1406637958 3007940.0075000003
1406637967 3018045.1552419355
1406638020 3009828.282738095
1406638072 2987394.4375
1406638093 3016994
1406638137 3026110
1406638147 3085099.206349206
1406638200 3490970.3947368423
1406638223 3714209.8214285714
1406638256 4289866.666666666
1406638268 4514958.904109589
1406638329 5340210.714285715
1406638338 5297340.909090909
1406638371 4130590.909090909
1406638384 4008888.5542168673
1406638435 4412009.036144579
1406638454 4361577.464788733
1406638501 4510440.140845071
1406638506 4463135.96491228
1406638558 4145665.4929577466
1406638577 4088537.8378378376
1406638671 3538251.3513513515
1406638675 3442904.054054054
1406638743 3084080
1406638775 3107641.4453781513
1406638796 3365406.143907563
1406638862 3623238.9934210526
1406638872 3636066.419303797
1406638919 3937637.0775316455
1406638941 3858181.2609649124
1406638976 3514898.8764044945
1406639030 3282350
1406639041 3335966.7910447763
1406639097 3465679.5454545454
1406639151 3357802.2727272725
1406639163 3337350
1406639185 3401476.8518518517
1406639217 3525625
1406639239 3538757.0224719103
1406639284 3433951.3525280897
1406639306 3451625.63619403
1406639340 3659645.494402985
1406639351 3654840.4054878047
1406639419 3759179.8780487804
1406639422 3735284.71875
1406639455 3396041.625
1406639476 3229934.838636364
1406639510 2926077.561046512
1406639519 2925522.655357143
1406639580 3341767.904513889
1406639591 3388807.4375
1406639638 3818254.14480198
1406639692 4946507.255434783
1406639707 5377428.571428571
1406639713 5410490.566037736
1406639774 4408936.320754717
1406639813 3697869.791666667
1406639846 3302880.7903846153
1406639878 3194478.111842105
1406639941 3304343.4746621624
1406639952 3334613.425925926
1406639995 3617709.9056603773
1406640005 3683424.242424242
1406640061 3506902.9850746267
1406640072 3472014.925373134
1406640117 3657985.074626866
1406640128 3657111.788617886
1406640181 3393567.031504065
1406640240 3333410.742857143
1406640251 3383601.2321428573
1406640317 3736777.3405172415
1406640357 3410413.793103448
1406640367 3412191.9318181816
1406640423 3362940.132022472
1406640456 3342796.3125
1406640477 3456625
1406640498 3588503.676470588
1406640545 3451237.341772152
1406640577 3364206.3636363633
1406640598 3714127.7272727275
1406640655 3708018.9393939395
1406640712 3518971.253787879
1406640774 3582077.777777778
1406640796 3566595.013157895
1406640831 3516565.0625
1406640898 3598439.7321428573
1406640908 3533328.125
1406640962 3477759.5807692306
1406640973 3598550.5535714286
1406641018 3876130.9642857146
1406641043 3717284.2678571427
1406641074 3509004.7099056607
1406641096 3502752.9508928573
1406641130 3536869.5652173916
1406641142 3568204.2903225804
1406641197 4062057.329301075
1406641223 4090777.736111111
1406641256 3948852.136752137
1406641314 3547705.882352941
1406641324 3459629.0322580645
1406641345 3755879.3405172415
1406641382 4642048
1406641425 4845597.1
1406641437 4694426.5
1406641467 4636750
1406641522 4773104.166666666
1406641527 4791450.980392156
1406641624 4271969.09837963
1406641635 4156084.4821428573
1406641670 3914917.8571428573
1406641694 3742041.652173913
1406641739 3446840.6986607146
1406641750 3466097.145833333
1406641805 3875611.104166667
1406641816 3891289.4736842103
1406641862 3694700
1406641886 3521362.068965517
1406641920 3304525.641025641
1406641964 3175385.057471264
1406641975 3317356.32183908
1406642007 3420089.552238806
1406642042 3666226.9813829786
1406642054 3720540.2629310344
1406642100 3848873.782142857
1406642124 3803023.7857142854
1406642156 3600257.5454545454
1406642168 3572058.4160447763
1406642213 3408173.507462687
1406642223 3379799.342105263
1406642278 3092258.2236842103
1406642289 3060783.4302325584
1406642342 3138516.5145348837
1406642364 3117801.2884615385
1406642394 3249032.4786585364
1406642405 3369602.536538461
1406642459 3648492.465909091
1406642471 3679540.2629310344
1406642517 3800528.50877193
1406642528 3750417.279411765
1406642585 3464404.376838235
1406642596 3494793.168209877
1406642662 4017385.8024691357
1406642666 4031709.0163934426
1406642723 4740602.2727272725
1406642732 4844928.580357143
1406642754 4213615.110119048
1406642765 4209908.375
1406642848 4258709.090909091
1406642864 4277076.19047619
1406642913 4387726.273809524
1406642941 4174692.8571428573
1406642953 4236935.714285715
1406643011 4922084.615384616
1406643018 4955771.226415094
1406643064 4644125
1406643117 4358324.074074075
1406643172 3959578.3898305083
1406643176 3840995
1406643197 3369531.25
1406643255 4498653.273809524
1406643260 4472062.5
1406643295 4431222.222222222
1406643323 4823714.285714285
1406643393 5457772.727272727
1406643400 5323416.6875
1406643421 4437966.725
1406643435 4149948.9475806453
1406643483 4310383.325
1406643495 4345359.489051094
1406643542 3973788.321167883
1406643620 4135731.707317073
1406643624 4132614.4578313255
1406643703 3859951.680672269
1406643719 3995646.0084033613
1406643743 3933684.3220338984
1406643778 3922687.5
1406643803 3927279.6610169495
1406643837 4027197.802197802
1406643894 4816811.764705882
1406643922 5014250
1406643966 4240107.142857143
1406643978 4360627.272727273
1406644015 5412269.613636363
1406644021 5450244.60106383
1406644144 3745427.2978723403
1406644156 3774145.3488372094
1406644225 5363043.604651162
1406644230 5291065.491071429
1406644253 4388574.184027778
1406644266 4106086.971830986
1406644324 3789809.908450704
1406644337 3797196.2932242993
1406644384 3971806.4591121497
1406644431 4050893.527173913
1406644476 4191734.4533898304
1406644490 4166105.263157895
1406644552 4017061.6438356163
1406644563 4147005.102040816
1406644601 4388511.87244898
1406644612 4198395.196428571
1406644636 3833098.845338983
1406644671 3674625
1406644681 3624412.313432836
1406644738 3452615.6546875
1406644761 3575290.922169811
1406644795 3949155.6603773586
1406644844 4335950.41322314
1406644856 4276958.67768595
1406644912 4339830.578512397
1406644916 4323092.307692308
1406644977 3835923.319327731
1406645032 3649278.3613445377
1406645035 3699406.25
1406645105 6809718.75
1406645124 7031231.481481481
1406645168 7678333.333333334
1406645213 6270102.94117647
1406645227 5816579.411764706
1406645253 5110433.006535947
1406645305 4940549.019607843
1406645420 4804473.8562091505
1406645504 4113468.954248366
1406645520 4273908.496732026
1406645533 4254000
1406645578 4540990.384615384
1406645585 4561136.05859375
1406645630 4491528.578125
1406645642 4531300.769480519
1406645707 4592178.482142857
1406645712 4559758.911764706
1406645758 4198396.126760563
1406645783 4126354.5021186443
1406645817 4199997.133474576
1406645842 4299720.6302816905
1406645888 4140185.570754717
1406645895 4091493.7523584906
1406645941 3910387.451754386
1406646009 4202161.1866666665
1406646016 4286989.118421053
1406646085 4976038.471153846
1406646094 4877100
1406646115 4396783.333333334
1406646139 4206025
1406646195 3983500
1406646202 3988833.333333333
1406646233 4570595.238095238
1406646258 4505560.344827587
1406646291 4181434.7014925373
1406646325 4323821.261682243
1406646364 4154553.738317757
1406646398 4766266.949152542
1406646423 4926151.639344262
1406646459 4602565.7894736845
1406646480 4565350.806451613
1406646521 4881897.196261682
1406646532 4922580.913551401
1406646587 5329803.156914894
1406646621 5093070.917553192
1406646626 5096053.977272727
1406646683 4741869.318181818
1406646709 4725046.875
1406646715 4743468.75
1406646741 4741410.767605634
1406646786 4432132.99489796
1406646834 3993702.806122449
1406646839 3985009.2592592593
1406646898 4154601.8935185187
1406646967 4505171.296296297
1406647023 4658550.862068966
1406647112 4734718.75
1406647115 4738364.864864865
1406647149 4569732.558139535
1406647158 4514826.923076923
1406647253 4939395.34883721
1406647259 5235075.5813953485
1406647287 5317919.491525424
1406647318 5247126.984126984
1406647350 5265711.864406779
1406647377 4756457.386363637
1406647394 4385552.685950413
1406647441 4281698.347107438
1406647498 4472666.666666666
1406647540 4379394.736842105
1406647555 4026019.230769231
1406647566 3952138.2978723403
1406647615 4525602.920212766
1406647649 4764259.297619048
1406647678 4228833.360795455
1406647693 3933876.4892241377
1406647736 3804251.300373134
1406647760 3747622.8486842103
1406647793 3841829.0646551726
1406647856 4673396.551724138
1406647876 4870162.790697674
1406647942 4841904.109589041
1406647949 4740801.724137931
1406647971 4365323.529411765
1406647983 4243281.265625
1406648035 4002194.527777778
1406648055 3923136.9732142854
1406648102 3899941.9977678573
1406648147 3757040.1785714286
1406648158 3805163.0434782607
1406648170 3923314.220183486
1406648238 4302594.842889909
1406648267 4357861.771341464
1406648279 4150838.0535714286
1406648302 3730094.818965517
1406648337 3593294.0491573033
1406648391 3416035.4867021274
1406648395 3401809.7171985814
1406648467 2995412.4911347516
1406648478 3096352.90625
1406648512 3987644.59375
1406648535 4371558.189655173
1406648570 4237923.9130434785
1406648581 4092562.5
1406648642 3653761.904761905
1406648665 3591949.421875
1406648698 3730333.375
1406648709 3850145.0949074076
1406648752 4080840.6599264704
1406648777 4019229.125
1406648824 3962606.2801724137
1406648835 3968359.161637931
1406648882 3783629.13556338
1406648906 3719591.790730337
1406648940 4110874.5463483147
1406648971 4296135.593220339
1406648999 4385625.9878048785
1406649012 4365075.865924092
1406649055 4373391.172442244
1406649119 4679123.762376238
1406649302 4332267.605633803
1406649332 4138045.4545454546
1406649378 3778431.8181818184
1406649390 3705500
1406649414 4008222.166666667
1406649426 4209761.821428571
1406649495 4425892.857142857
1406649498 4435890.414383562
1406649568 4564605.68129771
1406649605 5702742.366412213
1406649629 5286267.206896552
1406649663 4372173.25
1406649679 4428771.364285715
1406649725 5321530.942857143
1406649733 5513947.530864198
1406649775 5832984.567901235
1406649806 6319926.569078947
1406649851 5975800.678571429
1406649862 5895665.271929825
1406649908 7014527.777777778
1406649943 7883171.875
1406649954 6887952
1406649988 7058780.439024391
1406650022 6862560.87804878
1406650036 6714542.309322034
1406650081 6048637.931034483
1406650094 5997089.552238806
1406650142 6009343.2835820895
1406650204 5257795.936567164
1406650215 5265555.5
1406650259 5000944.5
1406650270 5071280.03125
1406650323 5212011.925
1406650340 5086035.087719299
1406650380 5320479.47368421
1406650397 5554011.544573643
1406650481 5240044.573643411
1406650509 5230029.216216216
1406650518 5138874.916666666
1406650552 4382699.074074075
1406650563 4355391.75257732
1406650649 5279831.521739131
1406650655 5230301.724137931
1406650678 4448859.375
1406650703 3855068.9655172415
1406650736 3830351.5625
1406650790 4405502.6875
1406650799 4414176.353846153
1406650855 4173475
1406650912 4144706.25
1406650927 4101211.7647058824
1406650986 3933714.705882353
1406650997 3904118.8118811883
1406651087 3815308.5106382975
1406651091 3908049
1406651104 4270724.554347826
1406651160 4730024.861940298
1406651171 4654530.872685185
1406651214 3965709.5011261264
1406651282 3454998.158333333
1406651304 3438088.4660493825
1406651337 3836721.165123457
1406651363 3747328.9057017546
1406651394 3699702.3392857146
1406651405 3755323.226293104
1406651452 3972293.0538793104
1406651463 4000014.334051724
1406651510 3978165.4929577466
1406651534 3898358.695652174
1406651578 3843474.679347826
1406651602 3716706.1644736845
1406651635 3624218.75
1406651646 3674435.975609756
1406651712 4187926.8292682925
1406651717 4182250
1406651752 3971706.896551724
1406651775 3989686.813186813
1406651843 3928668.674698795
1406651858 3884102.0408163266
1406651881 3739591.836734694
1406651892 3754791.671875
1406651936 3647958.359375
1406651969 3855672.0846774196
1406652005 3982685.4838709678
1406652029 4078577.586206896
1406652063 3806082.2784810127
1406652108 3595525
1406652118 3740225
1406652163 4132236.875
1406652175 3860197.0113636362
1406652185 3555485.4144736845
1406652232 3617803.5714285714
1406652269 3857863.095238095
1406652304 4170988.1785714286
1406652316 4179266.393356643
1406652363 4114552.4965034965
1406652424 4023163.1835664334
1406652447 3999875
1406652470 4020000
1406652527 3915500
1406652530 3906491.0714285714
1406652541 3872577.9702970297
1406652598 3903807.714108911
1406652631 3943614.216733871
1406652653 4351895.944556451
1406652710 4435814.512096774
1406652722 4463600
1406652770 4095685.7142857146
1406652792 3968529.411764706
1406652838 4231370.9677419355
1406652854 4238018.518518519
1406652902 3840199.074074074
1406652946 3537360.849056604
1406652955 3484232.1428571427
1406652967 3458382.462686567
1406653022 3417908.0882352944
1406653035 3431905.1724137934
1406653080 3587000
1406653115 3578464.912280702
1406653137 3479464.912280702
1406653172 3419235.294117647
1406653194 3553411.7647058824
1406653205 3645551.282051282
1406653272 4103239.4366197186
1406653276 4101789.4736842103
1406653322 4115368.421052632
1406653329 4063732.3943661973
1406653371 3474626.76056338
1406653393 3330861.9402985075
1406653438 3638029.411764706
1406653461 3819229.9107142854
1406653494 3759091.666666667
1406653506 3695226.265822785
1406653562 3562407.1313291136
1406653573 3576283.925925926
1406653626 4218780.921296297
1406653643 4234498.480769231
1406653678 4099916.677083333
1406653703 3999661.770631068
1406653737 3582048.5436893203
1406653781 3477111.083333333
1406653803 3649266.625
1406653826 3873956.7662037034
1406653857 3705864.311046512
1406653869 3591199.958333333
1406653924 3462102.8194444445
1406653947 3473598.2388392854
1406653980 3521456.1644736845
1406654004 3391306.3479729732
1406654044 3139927.9695945946
1406654054 3122313.1704545454
1406654097 3485226.290909091
1406654152 3704415.165909091
1406654209 3758634.292910448
1406654219 3672104.125
1406654233 3586155.948717949
1406654275 3582290.544871795
1406654297 3577440.270522388
1406654331 3550113.177238806
1406654342 3565559.7014925373
1406654398 3761128.8659793814
1406654495 4382378.865979381
1406654511 4043737.113402062
1406654536 3953612.2881355933
1406654570 3697375
1406654604 3571482.594936709
1406654638 3514840.189873418
1406654649 3511333.333333333
1406654704 3493000
1406654715 3481977.3936170214
1406654759 3492136.9680851065
1406654814 3555773.936170213
1406654880 3593971.6728723403
1406654892 3557746.993181818
1406654935 3457558.932692308
1406654957 3487486.083333333
1406655001 3548125
1406655012 3547487.132352941
1406655056 3583435.6617647056
1406655069 3553916.666666667
1406655113 3592807.692307692
1406655134 3532920
1406655187 3760730
1406655213 3603885.8024691357
1406655234 3512950.575617284
1406655268 3622749.0379213486
1406655300 3944267.779494382
1406655323 4331126.19047619
1406655375 5007857.142857143
1406655405 4817583.333333334
1406655420 4232708.333333334
1406655432 4000036.2903225804
1406655477 4127766.129032258
1406655545 4526346.774193549
1406655575 4628925.902777778
1406655599 4420291.625
1406655623 4247764.116525424
1406655658 3998610.5489130435
1406655669 3894523.4254385964
1406655715 3748942.495689655
1406655727 3750007.050531915
1406655784 3934457.4468085105
1406655809 3826677.083333333
1406655832 3595446.2686567167
1406655876 3462871.4285714286
1406655898 3532123.7678571427
1406655909 3582398.513043478
1406655954 3934278.9641304347
1406656013 4048270.833333333
1406656026 3966891.304347826
1406656036 3874119.5652173916
1406656072 3685532.5869565215
1406656105 3856666.625
1406656138 4284982.732758621
1406656192 4741051.401869159
1406656200 4268498.831775701
1406656245 4155068.215909091
1406656255 3933156.3046875
1406656277 3509966.223076923
1406656320 3548329.4451530613
1406656375 3530379.166666667
1406656386 3434021.153846154
1406656440 2969886.194029851
1406656453 2999291.65625
1406656492 3332883.8381147543
1406656514 3435539.4389097746
1406656625 3658926.550595238
1406656640 3645873.1467391304
1406656683 3479898.5507246377
1406656694 3492150
1406656738 3629324.074074074
1406656748 3619766.666666667
1406656792 3719640
1406656813 3699083.3221153845
1406656859 3919277.7419871795
1406656870 3910598.4431818184
1406656914 4024659.090909091
1406656980 3977428.5714285714
1406656984 3960384.2569444445
1406657040 3674763.854166667
1406657052 3650204.13125
1406657097 3864240.6546875
1406657120 3875784.355392157
1406657154 3706742.6470588236
1406657199 3553986.9402985075
1406657221 3543541.666666667
1406657265 3774232.1428571427
1406657276 3894446.4285714286
1406657312 4050350
1406657336 4083228.5714285714
1406657347 4085824.275362319
1406657405 4142182.1428571427
1406657417 4105538.0434782607
1406657462 3548086.9565217393
1406657474 3436146.153846154
1406657517 3434878.1634615385
1406657527 3373059.174342105
1406657571 3643436.3914473685
1406657593 3588914.1791044776
1406657638 3623000
1406657648 3638735.294117647
1406657695 3746441.176470588
1406657706 3752042.188291139
1406657753 3834101.2768987343
1406657774 3885455.8694852944
1406657821 3979452.0021186443
1406657833 3968333.375
1406657878 3879546.582720588
1406657901 3881340.625
1406657935 3881659.375
1406657958 3972805.583333333
1406658004 4352591.448795181
1406658041 4669602.321022727
1406658087 4760049.247159091
1406658092 4731051.724137931
1406658116 4253500
1406658128 4063675.8620689656
1406658174 3641240.449438202
1406658217 3509480.701171875
1406658238 3747015.462209302
1406658260 4006692.8285714285
1406658297 3961070.2732142857
1406658308 3957632.387867647
1406658354 3673950.987132353
1406658365 3649996.835443038
1406658417 3535322.7848101268
1406658433 3473450
1406658476 3289440.625
1406658497 3218070.4545454546
1406658531 3244343.1818181816
1406658552 3253444.921875
1406658595 3349273.333333333
1406658627 3457133.3125
1406658659 3569548.7713414636
1406658668 3597661.55
1406658724 3488969.75
1406658745 3386048.640625
1406658777 3318025.473958333
1406658796 3252004.435483871
1406658839 3282470.5882352944
1406658881 3479302.5865384615
1406658905 3610989.778846154
1406658917 3631481.513888889
1406658959 3521346.153846154
1406658982 3480174.1436567167
1406659026 3373444.458333333
1406659048 3314791.666666667
1406659080 3675520.3488372094
1406659091 3817895.0892857146
1406659136 3654612.2448979593
1406659189 3264734.375
1406659200 3225964.2857142854
1406659231 3238852.588942308
1406659252 3362662.643292683
1406659272 3495584.6063432833
1406659319 3504276.3157894737
1406659329 3497578.125
1406659383 3480414.4736842103
1406659405 3366916.666666667
1406659437 3189964.2857142854
1406659447 3198117.9245283017
1406659490 3488213.4615384615
1406659512 3588694.638059702
1406659557 3470371.2045454546
1406659567 3399882.888513514
1406659619 3247940.5337837837
1406659631 3183752.380952381
1406659682 3428189.2179054054
1406659705 3638833.375
1406659739 3589594.2445652173
1406659751 3625943.758116883
1406659806 3666907.9724025973
1406659816 3727243.956081081
1406659858 3997602.121621622
1406659912 4894836.334459459
1406659917 4912231.060606061
1406659978 4517157.608695652
1406660009 4343925.6465517245
1406660036 4079762.5
1406660094 4063542.021276596
1406660130 3988730.633802817
1406660165 3913760.8695652173
1406660176 3975837.424180328
1406660216 4143284.0348360655
1406660226 4184385.8486842103
1406660307 4206795.610526316
1406660311 4201828.431372549
1406660346 4104681.330882353
1406660358 4065170.870762712
1406660405 3974056.2521929825
1406660472 4340890.949561404
1406660519 4616458.807692308
1406660537 4515315.787313433
1406660586 4519322.60483871
1406660599 4609721.68556701
1406660654 4099415.7783505153
1406660683 4204262.18292683
1406660695 4262281.25
1406660747 4324321.428571429
1406660757 4324142.857142857
1406660793 4334585.365853658
1406660839 4494110
1406660843 4493675
1406660879 4265750
1406660903 4034148.322033898
1406660938 3792931.2010869565
1406660972 3779501.453947368
1406660995 3806714.271428571
1406661007 3824202.9130434785
1406661064 3703685.4703125
1406661087 3724540.9605263155
1406661121 3953593.592105263
1406661144 3917866.2697368423
1406661178 3604222.0354477614
1406661211 3391640.625
1406661233 3469359.375
1406661266 3452574.3243243243
1406661299 3718773.6486486485
1406661344 3824432.4324324327
1406661355 3857827.0270270268
1406661411 4071304.054054054
1406661447 4221463.87283237
1406661482 4377560.693641618
1406661538 5281448.856936416
1406661584 5000476.592105263
1406661595 4918148.148148148
1406661611 4924980.411764706
1406661663 4404266.75
1406661666 4365230.702034883
1406661726 3900509.7427325584
1406661749 3757250.0245535714
1406661782 3752422.1916666664
1406661794 3763776.926470588
1406661839 3443190.5569852944
1406661850 3457680.5625
1406661905 3457319.007183908
1406661937 3410830.975
1406661959 3575376.2
1406661975 3622766.6545454543
1406662014 3666305.9959016396
1406662036 3591735.0544871795
1406662081 3481299.09775641
1406662092 3460464.25
1406662137 3476666.6136363633
1406662158 3562416.640625
1406662193 3889596.9827586208
1406662216 3981825
1406662262 3699266.625
1406662273 3713410.7962499997
1406662317 3935387.48125
1406662362 4296782.258064516
1406662379 4469157.9902597405
1406662439 5004428.488095238
1406662505 5343069.626712329
1406662512 5347553.086693549
1406662574 5165844.711693549
1406662629 5645800.991935484
1406662636 5752302.952272727
1406662697 5993681.786363636
1406662739 5987254.545454545
1406662752 5715827.586206896
1406662797 5192875
1406662806 5154508.921875
1406662853 4213316.309322034
1406662865 4048018.9642857146
1406662923 4053473.7607142855
1406662935 4018249.9637096776
1406662982 3594305.5403225804
1406663016 3402875
1406663039 3694488.970588235
1406663050 3687380.9441964286
1406663095 4052898.7678571427
1406663120 4274123.227112676
1406663155 4348712.470070423
1406663166 4348952.277439024
1406663213 4550695.12195122
1406663237 4588625
1406663293 5055083.333333334
1406663321 5091247.05882353
1406663348 4815235.294117647
1406663378 4612265.4639175255
1406663423 5016663.659793815
1406663539 3915073.4536082475
1406663542 3901087.8344594594
1406663576 3887330.418103448
1406663600 3857162.2565789474
1406663633 3686050
1406663655 3771537.5
1406663701 3838691.625
1406663713 3934238.0625
1406663757 4283444.444444444
1406663803 4940097.560975609
1406663818 5198140.243902439
1406663839 5230272.727272727
1406663884 4971333.333333334
1406663893 4960241.176470589
1406663937 4531064.705882353
1406663969 4393186.567164179
1406664004 4328458.333333334
1406664029 4335852.459016394
1406664053 4155617.569672131
1406664065 4132617.791958042
1406664134 4146736.2832167833
1406664185 3879378.2115384615
1406664196 3868238.970588235
1406664231 3751897.0588235296
1406664253 3775144.6850393703
1406664298 3670832.6771653546
1406664358 3752920.731707317
1406664380 3812653.50877193
1406664415 3855468.75
1406664436 3931375.03125
1406664471 4126558.3162650606
1406664519 4279872.853092784
1406664568 4425333.25
1406664596 4378373.689393939
1406664634 4224955.737704918
1406664657 4121433.3333333335
1406664703 4083877.272727273
1406664745 4531214.285714285
1406664752 4553967.647058824
1406664830 3893348.4042553194
1406664846 3822141.129032258
1406664892 3798042.3728813557
1406664904 3988368.644067797
1406664960 4423724.576271187
1406664964 4415750
1406665032 4639980
1406665039 4673703.260869565
1406665074 4421886.315217391
1406665143 4432544.565217391
1406665147 4438786.764705882
1406665194 4864036.016949153
1406665265 5187645.37037037
1406665329 4262522.05882353
1406665333 4217553.797468355
1406665379 4183797.4683544305
1406665408 4194771.604938271
1406665460 4167052.6315789474
1406665522 4121317.2545871558
1406665558 3923090.1766055045
1406665569 3925494.211206896
1406665616 4243703.381355932
1406665628 4276250
1406665676 4048083.333333333
1406665700 4075663.9344262294
1406665737 4362900.252525252
1406665799 4980630.05050505
1406665836 4989452.922077922
1406665852 4511871.7532467535
1406665876 4308284.574468086
1406665925 3819172.872340426
1406665946 3726840.909090909
1406665980 3396250
1406665991 3448254.9019607846
1406666052 4408607.926470588
1406666082 4625434.133720931
1406666095 4696716.216216216
1406666156 4872574.21875
1406666159 4858295.454545455
1406666211 4923207.44680851
1406666253 5359505.841176471
1406666281 5379509.735294118
1406666296 5368701.671052631
1406666339 4671224.644736842
1406666376 4272856.75304878
1406666398 3869915.673780488
1406666421 3769925.4385964912
1406666455 3695168.55
1406666466 3768858.375
1406666512 4327875
1406666515 4338448.273706896
1406666570 3619760.283707865
1406666604 3572419.155940594
1406666637 3791580.844059406
1406666671 4405250
1406666697 4760250
1406666701 4801451.923076923
1406666774 4586095.269230769
1406666801 4329797.571428571
1406666813 4485281.714285715
1406666837 4323160.112359551
1406666895 4957609.550561798
1406666902 4862960.52631579
1406666939 4226894.736842105
1406666952 3958019.354910714
1406666995 3877295.496212121
1406667018 4034837.078125
1406667051 4039046.052631579
1406667075 3990051.455882353
1406667119 3927399.9865384614
1406667140 3880758.5326704546
1406667184 3938800.2201704546
1406667207 3847755.8728070175
1406667241 3674577.2727272725
1406667262 3676757.8125
1406667295 3568734.375
1406667305 3595665.1785714286
1406667351 3697963.2352941176
1406667373 3690945.796460177
1406667421 3482532.0796460174
1406667464 3382279.4596153847
1406667475 3458473.0423076926
1406667486 3469457.3657407407
1406667610 3690616.2453703703
1406667648 3542967.741935484
1406667661 3582901.9233870967
1406667672 3540046.5479651163
1406667714 3465235.4811046515
1406667747 3506142.8571428573
1406667777 3479810.810810811
1406667821 3271111.083333333
1406667843 3184041.625
1406667865 3237561.271551724
1406667897 3479283.0301724137
1406667930 3676108.695652174
1406667954 3902869.5652173916
1406667966 3946529.4117647056
1406668022 4072033.8983050846
1406668025 4058493.1506849313
1406668084 3630191.7808219176
1406668095 3633205.479452055
1406668157 4232576.923076923
1406668160 4219013.157894736
1406668195 3734302.5679347827
1406668206 3611000.041666667
1406668251 3274393.9393939395
1406668261 3215505.9523809524
1406668324 3284193.4523809524
1406668335 3258132.0754716983
1406668377 3087602.7397260275
1406668408 3077775
1406668439 2954887.5
1406668448 2917943.9516129033
1406668501 3239000
1406668544 3574877.8016666668
1406668554 3521405.5433333335
1406668576 3590432.8358208956
1406668621 3459209.7879464286
1406668632 3376533.3
1406668676 3177603.7735849055
1406668685 3168158.018867925
1406668740 3047304.245283019
1406668782 3036477.9411764704
1406668791 3193875
1406668825 3245859.8484848486
1406668857 3284997.641509434
1406668878 3224485.6422413792
1406668923 2998972.7327586208
1406668944 2886948.776442308
1406668975 2853369.31372549
1406668995 2834556.8902439023
1406669036 2846723.5152439023
1406669057 2759300.4774590163
1406669097 2665428.5637755105
1406669106 2667649.99375
1406669157 2671630.3004032257
1406669168 2674939.1713709678
1406669219 2778991.43902439
1406669270 2790891.2530487804
1406669291 2752229.5081967213
1406669331 2458346.9387755105
1406669340 2483655.743852459
1406669392 2883268.8588709678
1406669402 2902405.591666667
1406669467 3296034.744791667
1406669511 3805398.6489583333
1406669522 3827280.25
1406669580 3380553.125
1406669591 3333376.984126984
1406669643 3141214.2857142854
1406669675 3108669.8113207547
1406669696 3150445.1219512196
1406669716 3140273.8095238097
1406669760 3037142.8154761903
1406669780 3025936.042808219
1406669823 2971240.29109589
1406669833 2987203.125
1406669877 3042921.875
1406669887 3037693.3962264154
1406669930 2815595.4012096776
1406669949 2795321.8984375
1406670000 3304191.796875
1406670058 3608803.416666667
1406670069 3671583.375
1406670113 3858967.584923664
1406670178 4538057.895038168
1406670200 4903548.245614035
1406670235 5958933.333333334
1406670275 6024561.403508772
1406670349 4848260
1406670358 5383420
1406670375 5719310.975609756
1406670419 7068865.853658536
1406670440 7355491.666666666
1406670509 6272468.0148982555
1406670538 5753998.0501453485
1406670599 5600828.469113372
1406670724 4968259.6555232555
1406670784 4197877.15131579
1406670800 4093846.125
1406670836 3906964.2857142854
1406670884 3503080.5084745763
1406670895 3480416.666666667
1406670917 3398323.2142857146
1406670951 3045614.814814815
1406670971 2950832.258064516
1406671013 2831900
1406671055 2839355.583333333
1406671076 3055319.486111111
1406671109 3176033.35
1406671131 3118017.5438596494
1406671166 3153827.034883721
1406671196 2776928.7790697673
1406671217 2895604.4520547944
1406671258 3117082.191780822
1406671269 3179220.3947368423
1406671323 3266529.6052631577
1406671334 3259283.325
1406671378 3300198.676282051
1406671412 3317950.1931818184
1406671434 3107745.4431818184
1406671455 3178610.923828125
1406671498 3502606.439814815
1406671509 3553885.12652439
1406671557 3675827.224085366
1406671580 3750860.9375
1406671625 3730847.875
1406671637 3735202.8641304346
1406671681 3373502.4076086953
1406671694 3386524.5614035088
1406671738 3495157.1428571427
1406671771 3598507.6086956523
1406671806 3874455.1141304346
1406671830 3789000
1406671854 3533333.291666667
1406671875 3492541.625
1406671910 3577777.736111111
1406671920 3535166.625
1406671976 3161901.919117647
1406671988 3151862.088636364
1406672031 3260516.2337662335
1406672065 3288113.6363636367
1406672097 3451459.090909091
1406672120 3581689.814814815
1406672151 3379779.761904762
1406672162 3276488.486842105
1406672216 3149136.513157895
1406672227 3100932.5342261903
1406672278 3045718.181547619
1406672300 3119030.7
1406672343 3548089.497685185
1406672354 3568142.8571428573
1406672398 3193714.2857142854
1406672420 3131164.705882353
1406672451 3040105.882352941
1406672483 3088525
1406672515 3113096.153846154
1406672548 2995840
1406672570 2955300
1406672603 2839535.7142857146
1406672633 2580843.75
1406672643 2563161.2903225804
1406672695 3108400.793650794
1406672706 3192750.679435484
1406672757 2868777.0070422534
1406672777 2741979.15625
1406672817 2762020.84375
1406672837 2717658.7301587304
1406672880 2636939.189189189
1406672911 2563669.75308642
1406672931 2474851.8518518517
1406672961 2391416.6875
1406672991 2409544.9134615385
1406673000 2421158.3703125
1406673060 2530699.9640625
1406673071 2504576.4610655736
1406673111 2515248.5922131147
1406673121 2479438.0535714286
1406673181 2431989.7194055943
1406673233 2444756.401223776
1406673264 2476453.5307377046
1406673294 2546541.65625
1406673304 2565712.572463768
1406673355 2513929.9420289854
1406673363 2522314.2131147543
1406673416 2601459.662698413
1406673426 2617705.24691358
1406673476 2647881.4814814813
1406673497 2665965.625
1406673536 2598337.5
1406673548 2628888.157894737
1406673598 2866901.3157894737
1406673612 2898669.8113207547
1406673651 2743882.8125
1406673660 2695886.4678899082
1406673720 2613404.5871559633
1406673760 2523077.75
1406673780 2507725.448529412
1406673811 2481916.625
1406673832 2542521.4637096776
1406673842 2549751.370762712
1406673891 2878895.073770492
1406673903 2981819.0476190476
1406673954 3247079.268292683
1406673985 3423250
1406674016 3517070.5882352944
1406674070 3275071.4285714286
1406674079 3213178.5714285714
1406674112 3017417.475728155
1406674142 2767824.27184466
1406674182 2687431.4788732394
1406674202 2823997.218309859
1406674213 2863414.3935185187
1406674256 3240416.6875
1406674299 3698033.582089552
1406674323 3780836.9782608696
1406674345 3688611.166666667
1406674377 3622181.8522727275
1406674389 3582333.3663793104
1406674435 3566596.49122807
1406674446 3559913.5844907407
1406674501 3502273.1319444445
1406674543 3397420.4545454546
1406674555 3241647.7272727275
1406674578 3187620.1298701297
1406674621 3135214.2857142854
1406674632 3146792.96875
1406674685 3477835.9375
1406674696 3575894.4444444445
1406674730 3514508.9285714286
1406674752 3336250
1406674795 3190875
1406674806 3253735.849056604
1406674874 4719163.438679245
1406674901 4285083.309210526
1406674912 3607833.3125
1406674923 3165139.958333333
1406674976 3056151.666666667
1406674987 3067951.171875
1406675040 3605093.75
1406675051 3688035.7142857146
1406675096 3707171.0197368423
1406675108 3677877.157894737
1406675151 3273860.8174342103
1406675172 3261515.221590909
1406675217 3335196.9772727275
1406675227 3361375
1406675273 3444783.592105263
1406675284 3446112.169554455
1406675339 3484839.8923267326
1406675374 3420244.1359649124
1406675396 3348750
1406675418 3341188.4615384615
1406675451 3292721.153846154
1406675461 3294428.926470588
1406675515 3331286.7544117644
1406675536 3305213.1290983604
1406675576 3317358.951923077
1406675588 3321097.875
1406675630 3238190.625
1406675640 3239191.891891892
1406675704 3377527.0270270268
1406675714 3383692.307692308
1406675756 3282659.697916667
1406675786 3206999.9375
1406675816 3252128.153846154
1406675825 3227269.3698630137
1406675879 2820260.839041096
1406675889 2717137.2950819675
1406675930 2486696.0799180325
1406675940 2434474.9175531915
1406675999 2567930.8936170214
1406676061 2589150.0824468085
1406676071 2581041.625
1406676121 2395250
1406676141 2401693.87755102
1406676170 2425996.6425
1406676191 2436645.485915493
1406676241 2474928.5178571427
1406676261 2461556.308098592
1406676301 2495085.6742957747
1406676312 2470443.0479166666
1406676352 2421387.50625
1406676361 2408439.99375
1406676412 2387430.5942622954
1406676422 2383014.2857142854
1406676482 2485892.8571428573
1406676492 2496723.9010989014
1406676543 2502703.2967032967
1406676573 2531995.7627118644
1406676602 2635573.717948718
1406676612 2672959.244505495
1406676664 2818363.9409340657
1406676693 2802139.2807377046
1406676725 2602087.291666667
1406676735 2576925
1406676775 2772425
1406676785 2803262.0967741935
1406676837 2685097.222222222
1406676866 2642784.426229508
1406676898 2610348.795180723
1406676949 2403897.887323944
1406676958 2485956.3380281692
1406676969 2449604.527542373
1406677017 2425483.375
1406677079 2396177.083333333
1406677089 2409336.8644067794
1406677138 2348059.7826086953
1406677158 2292879.2372881356
1406677197 2291858.30625
1406677218 2314458.7042079205
1406677259 2398086.138613861
1406677298 2437559.322033898
1406677318 2413564.5161290322
1406677329 2418802.083333333
1406677378 2609038.1097560977
1406677411 2563857.1428571427
1406677441 2513200
1406677461 2570944.458333333
1406677501 2544474.8844339624
1406677514 2555481.3341836734
1406677550 2829677.125
1406677562 2840032.3116197186
1406677621 2570163.541666667
1406677671 2853736.458333333
1406677682 2814527.5962837837
1406677736 2623753.9780405406
1406677745 2588282.7420886075
1406677796 2571329.1139240507
1406677815 2527131.1475409837
1406677857 2383269.230769231
1406677867 2337152.5423728814
1406677916 2300092.0454545454
1406677955 2395888.75
1406677976 2322399.193548387
1406677986 2287367.9577464787
1406678037 2471757.0422535213
1406678047 2489104.166666667
1406678097 2542582.317073171
1406678129 2513563.193548387
1406678159 2507750.0096153845
1406678168 2514349.99375
1406678219 2390027.3696428575
1406678238 2343902.5423728814
1406678278 2314632.3529411764
1406678289 2303263.88125
1406678338 2443921.0354166664
1406678349 2493339.7904411764
1406678399 2534248.3492647056
1406678440 2697042.5171568627
1406678450 2731977.1740196077
1406678491 2730410.8573943665
1406678521 2714313.742647059
1406678542 2665090
1406678571 2618218.75
1406678582 2656192.7710843375
1406678644 3033582.2876506024
1406678654 3013273.1823770492
1406678695 2611893.4426229508
1406678705 2551479.15625
1406678756 2451306.228125
1406678775 2487999.958333333
1406678816 2692264.09375
1406678827 2683587.5
1406678876 2571275.416666667
1406678887 2556330.6451612907
1406678938 2453774.7252747254
1406678978 2567433.333333333
1406678998 2754400
1406679020 2853364.5161290322
1406679060 2599857.37704918
1406679081 2478358.7609375
1406679121 2451375.4484375
1406679140 2438143.5015822784
1406679180 2364061.7088607596
1406679200 2369015.692767554
1406679230 2259226.731918884
1406687711 2288802.367834955
1406687761 2553138.888888889
1406687801 2909916.7
1406687811 2798208.375
1406687821 2628023.445224719
1406687880 2410619.8595505618
1406687900 2309666.666666667
1406687940 2163254.9019607846
1406687951 2164732.673267327
1406687991 2260301.4851485146
1406688041 2253967.8571428573
1406688061 2273000
1406688081 2359390.306122449
1406688110 2365140
1406688121 2353464.2857142854
1406688180 2427543.280063291
1406688200 2391152.0024509802
1406688231 2320666.6875
1406688262 2301868.644067797
1406688290 2390237.1794871795
1406688301 2481175.724637681
1406688359 2666450
1406688411 2385623.2876712326
1406688421 2712993.1506849313
1406688432 2624666.666666667
1406688471 2506866.666666667
1406688502 2309632.8571428573
1406688541 2149305.084745763
1406688561 2145666.666666667
1406688601 2342654.3209876544
1406688642 2576784.125
1406688662 2631666.625
1406688692 2482804.405612245
1406688711 2399601.4492753623
1406688761 2491059.322033898
1406688770 2378412.5
1406688781 2226321.721311475
1406688831 2240396.1267605633
1406688852 2235156.779661017
1406688890 2245295.9183673467
1406688901 2260045.081967213
1406688951 2230546.6101694917
1406688960 2220881.322802198
1406689021 2181160.2884615385
1406689042 2181433.375
1406689080 2184828.5714285714
1406689091 2179670.5882352944
1406689131 2199991.2087912085
1406689182 2374011.3982142857
1406689201 2513068.896551724
1406689211 2562847.145833333
1406689261 2388888.916666667
1406689271 2350093.375
1406689311 2267837.9952531643
1406689350 2181311.797752809
1406689381 2263763.4831460677
1406689400 2244889.2857142854
1406689432 2273110.7142857146
1406689451 2258004.3103448274
1406689490 2215900
1406689541 2173100.4098360655
1406689551 2220250
1406689581 2462166.666666667
1406689623 2649694.2771084337
1406689664 2613030.737704918
1406689684 2517984.7560975607
1406689705 2434922.5175
1406689734 2246833.375
1406689745 2185477.8041666667
1406689794 2345583.2625
1406689815 2448733.25
1406689854 2306253.25
1406689865 2253691.5890625
1406689915 2251308.3234375
1406689934 2251659.420289855
1406689973 2227321.697463768
1406689984 2255717.557291667
1406690035 2430703.697916667
1406690045 2459309.5178571427
1406690094 2495084.530357143
1406690105 2489833.333333333
1406690155 2515666.666666667
1406690163 2510835.7536231885
1406690216 2581497.6213768115
1406690224 2632743.9981884058
1406690276 2893613.0489130435
1406690285 2936661.0169491526
1406690335 2504500
1406690365 2341890.10989011
1406690406 2548906.5934065934
1406690426 2569346.153846154
1406690457 2413907.692307692
1406690497 2383200
1406690517 2390888.916666667
1406690527 2378892.697033898
1406690576 2154110.02125
1406690627 2037024.5901639345
1406690637 2069750
1406690687 2125745.7627118644
1406690696 2096047.3684210526
1406690706 2073500
1406690756 2055090.1639344264
1406690767 2040686.475409836
1406690817 1955400.2808988765
1406690856 1968516.935381356
1406690876 1991583.3125
1406690896 2010847.805253623
1406690936 1956710.1032608696
1406690945 1993048.9797794118
1406690997 2245535.939338235
1406691038 2479480.9767857143
1406691058 2472695.3160714284
1406691067 2472098.947033898
1406691117 2180472.229166667
1406691127 2146203.7037037034
1406691177 2204097.222222222
1406691198 2229299.3935185187
1406691237 2239825.6064814813
1406691258 2291741.9495967743
1406691299 2249540.788265306
1406691307 2225913.291666667
1406691359 2209142.4632352944
1406691409 2126024.0506329113
1406691418 2108305.3797468357
1406691438 2065350
1406691478 2128050
1406691518 2092527.4367088608
1406691539 1993512.6534810127
1406691557 2016466.095338983
1406691598 2258169.3360655736
1406691618 2367345.595679012
1406691659 2457320.904320988
1406691679 2467166.583333333
1406691719 2473323.0459183673
1406691728 2452246.2961956523
1406691778 2110707.7472826084
1406691788 2074564.1188186812
1406691838 2225592.9629120883
1406691869 2325047.0053571425
1406691897 2838613.655357143
1406691908 2823416.625
1406691958 2516517.75204918
1406691969 2511513.653688525
1406692010 2453644.0901639345
1406692019 2474486.2625
1406692080 2605869.3945783135
1406692102 2629264.9590163934
1406692141 2481350.3316326533
1406692151 2402459.1836734693
1406692190 2224850
1406692229 2172200
1406692260 2209100
1406692271 2201979.418209877
1406692310 2346508.7191358022
1406692341 2279592.4491758244
1406692379 2267947.802197802
1406692401 2256857.1428571427
1406692442 2719418.2671568627
1406692452 2852376.302419355
1406692504 2808510.6196808508
1406692546 2408722.8915662654
1406692556 2380980.7228915663
1406692587 2252981.981981982
1406692617 2330438.738738739
1406692667 2391326.400862069
1406692675 2384266.625
1406692687 2354840.5461956523
1406692738 2198038.086277174
1406692767 2144704.8071428575
1406692797 2211930.9589285715
1406692808 2237576.2195121953
1406692859 2854467.5213414636
1406692879 2812904.8035714286
1406692919 2422547.6607142854
1406692929 2375619.6345419846
1406692979 2260717.5572519084
1406693030 2397594.1059160307
1406693050 2416652.75
1406693090 2468069.4117647056
1406693101 2455579.125
1406693159 2184910.2272727275
1406693200 2068661.971830986
1406693221 2030548.591549296
1406693230 2037338.9830508474
1406693280 2208461.2676056335
1406693301 2217047.2270833333
1406693341 2111440.796527778
1406693370 2141490.655809859
1406693401 2305977.7059859154
1406693412 2317921.778061224
1406693450 2230454.0646551726
1406693470 2223527.350409836
1406693511 2088590.118622449
1406693519 2037836.2536764706
1406693579 1924553.1435810812
1406693630 1934187.1428571427
1406693641 1969881.4285714286
1406693649 1984691.1764705882
1406693701 2065558.8235294118
1406693709 2096357.1428571427
1406693759 2066089.2857142857
1406693771 2083661.8893442624
1406693820 1963043.4990942029
1406693840 1910648.1631944445
1406693880 2015944.4895833335
1406693892 1992452.0063559322
1406693939 1911882.1799568967
1406693950 1927505.559375
1406693999 2042885.3325688073
1406694050 2099232.799885321
1406694059 2076654.9295774647
1406694121 1787478.5714285714
1406694129 1770112.0689655172
1406694179 1715540.9836065574
1406694190 1721847.950819672
1406694240 1873083.6956521738
1406694259 1950536.231884058
1406694300 2010581.5217391304
1406694309 2023175
1406694351 2071425
1406694370 2074588.9830508474
1406694410 2173964.2857142854
1406694440 2248625
1406694470 2328857.1428571427
1406694510 2234809.541666667
1406694530 2107258.7569444445
1406694600 2038803.1805555555
1406694620 2100800
1406694660 2169071.862745098
1406694671 2145271.055379747
1406694710 2010574.6835443038
1406694739 1998037.2727272727
1406694779 2096714.5454545454
1406694820 2126934.4302083333
1406694839 1921966.6458333335
1406694850 1818117.3565140846
1406694890 1936775.243838028
1406694910 1941420.900983146
1406694960 1825077.2471910112
1406694979 1819816.6666666665
1406695011 1778450
1406695050 1869300
1406695080 1915309.6153846155
1406695089 1945296.6101694915
1406695130 1797828.3898305085
1406695139 1809137.5
1406695190 1879241.935483871
1406695201 1893766.6666666665
1406695250 1893668.103448276
1406695259 1905324.996875
1406695310 2041749.9791666665
1406695331 2032686.1661392404
1406695380 1753259.4912974683
1406695389 1734478.5714285714
1406695439 1768192.8571428573
1406695450 1786904.411764706
1406695490 1933750
1406695530 2062141.6666666667
1406695550 2299050
1406695580 2471950
1406695610 1955243.6057692308
1406695619 1837424.9271978023
1406695679 1798813.1710164836
1406695701 1776142.0481557376
1406695740 1887145.3484042552
1406695748 1923908.9233193276
1406695800 1845317.237394958
1406695859 2015196.5077160494
1406695881 2076194.4444444445
1406695920 2056527.7777777778
1406695940 2070000
1406695970 2132067.307692308
1406695979 2158956.25
1406696030 2090754.0322580645
1406696041 2092003.086419753
1406696100 2414996.913580247
1406696111 2463096.31147541
1406696161 2637174.180327869
1406696224 2598256.1475409837
1406696233 2611446.25
1406696284 2550715.3846153845
1406696324 2397116.666666667
1406696344 2318980.9322033897
1406696383 2251474.5762711866
1406696393 2130653.9131355933
1406696403 2124861.072916667
1406696453 2139270.8125
1406696463 2136156.383152174
1406696522 2029676.5765765766
1406696574 1972611.4285714286
1406696583 1988430.7142857143
1406696592 1995035.576923077
1406696643 2144978.846153846
1406696693 1962615.3846153845
1406696713 2052803.5714285714
1406696763 2133312.5
1406696805 2527437.5
1406696815 2588115.8536585364
1406696846 2536419.014084507
1406696876 2293208.8785211267
1406696886 2255439.230932203
1406696935 2018592.391304348
1406696955 1993666.6666666665
1406696995 2207416.666666667
1406697015 2237333.3333333335
1406697055 2047220.3389830508
1406697074 1996228.5714285714
1406697115 1899142.8571428573
1406697125 1895008.2330246912
1406697174 1830573.574845679
1406697196 1806724.7860915493
1406697245 1779255.850877193
1406697253 1787070
1406697295 1882769.3661971833
1406697324 2035344.9152542371
1406697354 2160105.882352941
1406697375 2115760.5633802814
1406697425 1956711.8644067796
1406697434 1971352.5
1406697475 2061791.6666666665
1406697485 2061773.5507246377
1406697535 2045216.3043478262
1406697544 2054728.2608695652
1406697595 2029221.7391304348
1406697604 2034631.3527542371
1406697654 2054851.037909836
1406697665 2083674.9489583333
1406697714 2135873.628125
1406697775 1918597.21875
1406697785 1905142.8571428573
1406697835 1864657.1428571427
1406697845 1875266.6666666665
1406697905 2114566.666666667
1406697925 2102000
1406697955 2042916.625
1406697965 1995514.4601449275
1406698015 1924920.3233695652
1406698024 1899421.7338362068
1406698073 1870493.8565573771
1406698085 1853173.3870967743
1406698135 1800382.5757575757
1406698335 1746787.878787879
1406698374 1885628.7878787878
1406698415 1908424.1666666665
1406698434 1959930
1406698465 2038418.3168316833
1406698495 2162649.7524752477
1406698535 2090652.7916666667
1406698555 2043250.0208333335
1406698565 2028092.611111111
1406698615 1947722.2291666665
1406698645 1929258.4745762711
1406698674 2135360
1406698695 2251028.68852459
1406698735 2063950
1406698745 2065704.809322034
1406698794 2318309.7979166666
1406698805 2326146.8495024876
1406698855 2314593.1654228857
1406698925 2409441.832711443
1406698975 2179445.273631841
1406698995 2200863.401639344
1406699036 2344630.0075000003
1406699045 2372728.2608695654
1406699095 2584663.0434782607
1406699105 2593541.666666667
1406699155 2573511.875
1406699175 2510771.055379747
1406699225 2169323.8813291136
1406699225 2169323.8813291136
1406699234 2137033.36875
1406699276 2023425.00625
1406699285 2011657.3033707864
1406699335 1899458.9887640448
1406699365 1902307.15625
1406699395 1959276.8125
1406699464 1981706.25
1406699485 1998563.7169117648
1406699515 1900980.764423077
1406699524 1887314.06484375
1406699575 2075177.078125
1406699595 2088620.9016393442
1406699636 2067172.9166666667
1406699655 2158250
1406699693 2228401.9607843137
1406699706 2192857.518145161
1406699755 2363374.3840579707
1406699775 2380451.702898551
1406699816 2163269.3188405796
1406699824 2139756.329113924
1406699875 2130234.1772151897
1406699895 2088449.152542373
1406699934 2031521.4285714286
1406699965 2035728.5714285714
1406700004 1941524.9837500001
1406700015 1915308.3125
1406700064 1891624.99375
1406700085 1897276.6393442624
1406700115 1867350.4098360655
1406700125 1869677.8169014086
1406700186 1908887.5
1406700215 1999936.440677966
1406700234 1990476.6949152541
1406700245 2039767.6056338027
1406700295 2055711.2676056337
1406700305 2087500
1406700355 2090000
1406700375 2126267.7459016396
1406700416 2054383.2916666665
1406700435 1960118.6091101696
1406700475 1928444.4375
1406700495 1974401.9669117648
1406700536 2005950.9990808824
1406700543 2013588.6265822784
1406700596 2054926.1653481014
1406700615 2055735.9550561798
1406700656 2119397.752808989
1406700685 2071228.8135593222
1406700715 1986400
1406700735 1928125
1406700774 1876918.75
1406700795 1861359.1549295774
1406700845 1909000
1406700855 1921401.9607843137
1406700896 2123240.3846153845
1406700907 2169708.333333333
1406700956 2325297.413793104
1406700965 2334275.3164556962
1406701016 1900210.4430379746
1406701035 1887073.2142857143
1406701075 2005358.9285714286
1406701086 2009663.9344262294
1406701136 1871642.8571428573
1406701156 1835381.3559322034
1406701195 1898525
1406701206 1928293.75
1406701256 1892272.9375
1406701275 1969763.903125
1406701316 2070120.0980392157
1406701326 2059430.0847457629
1406701375 1972937.779049296
1406701397 1919845.6075819673
1406701436 1897437.49609375
1406701445 1909669.6428571427
1406701494 1943982.1428571427
1406701506 1953907.786885246
1406701555 1915872.8813559322
1406701565 1917150.2288732394
1406701616 2152849.7711267606
1406701626 2146216.1126373624
1406701676 2006230.0508241758
1406701707 1886359.420289855
1406701736 1808628.964673913
1406701745 1800708.3125
1406701796 1939305.5494791665
1406701817 1995188.89375
1406701855 2094917.5854166667
1406701886 2141625
1406701917 2070320
1406701936 2012991.5254237289
1406701976 2016071.4285714286
1406702006 1972708.34375
1406702036 1940452.4145408163
1406702055 2005233.3552083333
1406702096 2121893.4739583335
1406702127 2141928.6555555556
1406702156 2138097.208333333
1406702186 2126125
1406702216 1966975
1406702236 1895982.1428571427
1406702276 2089696.4285714286
1406702286 2088875
1406702336 2039542.372881356
1406702345 2035650
1406702395 1982858.3333333335
1406702426 1974100.4098360655
1406702456 2010894.2307692308
1406702465 2028823.943661972
1406702515 2121501.408450704
1406702527 2130266.193661972
1406702576 2036194.81778169
1406702586 2043027.7569444445
1406702636 2246791.666666667
1406702666 2499887.274590164
1406702697 3491219.5335365855
1406702707 3732435.112012987
1406702764 3354648.262987013
1406702774 3332703.7037037034
1406702818 3194725
1406702870 3220702.325581395
1406702904 3218219.230769231
1406702935 2841393.292682927
1406702945 2715375
1406702995 2560557.265625
1406703025 2571854.140625
1406703055 2752041.65625
1406703075 2680041.0869565215
1406703114 2411229.4565217393
1406703124 2348083.333333333
1406703174 2343463.7681159424
1406703193 2369165.9854166666
1406703234 2242610.3357843137
1406703244 2198726.2321428573
1406703304 2046190.4821428573
1406703314 2016134.184322034
1406703363 2013781.094279661
1406703373 2056982.0428921569
1406703414 2098420.8333333335
1406703433 2070271.4285714286
1406703484 1923225.4098360655
1406703494 1886050
1406703534 2042433.6734693877
1406703543 2088600
1406703594 2115169.3548387093
1406703605 2145955.5555555555
1406703664 2404194.4444444445
1406703684 2442750
1406703725 2313125.8852040814
1406703733 2302307.9512711866
1406703775 2262632.7266949154
1406703784 2250232.309322034
1406703834 2000691.3665254237
1406703843 2007495.8125
1406703904 2361180.5555555555
1406703924 2461432.37704918
1406703965 2570785.7142857146
1406704015 2662000
1406704036 2719778.846153846
1406704197 3365771.802325581
1406704208 3346260.7897058823
1406704251 3012969.592647059
1406704282 2825441.551229508
1406704312 2720693.920774648
1406704353 2588133.125
1406704383 2610001.875
1406704392 2576868.75
1406704443 2448894.366197183
1406704463 2476500
1406704503 2730813.725490196
1406704514 2783745.833333333
1406704554 2766712.5
1406704563 2761370
1406704623 2664003.333333333
1406704644 2667690.573770492
1406704675 2824114.7540983604
1406704684 2817813.518442623
1406704736 2723557.754032258
1406704746 2710317.036585366
1406704797 2605034.135670732
1406704818 2548770.4918032787
1406704858 2503444.416666667
1406704878 2502238.0535714286
1406704919 2506542.8571428573
1406704928 2504847.4576271186
1406704978 2500004.098360656
1406704989 2545254.0322580645
1406705040 2841000
1406705071 3046777.777777778
1406705093 2777805.5555555555
1406705103 2844911.2903225804
1406705155 2901104.8387096776
1406705165 2831870.9677419355
1406705217 2701073.1707317075
1406705247 2782650
1406705279 2917959.958333333
1406705292 2895751.2896825396
1406705332 2639550.257936508
1406705342 2633053.278688525
1406705393 2894180.5555555555
1406705423 2969943.493150685
1406705456 3109643.8356164386
1406705466 3111906.25
1406705520 3027779.4117647056
1406705551 2851881.0975609757
1406705571 2845243.9024390243
1406705602 2716972.9729729732
1406705635 2816246.621621622
1406705645 2795844.135802469
1406705696 2645061.7283950616
1406705716 2590281.25
1406705756 2595343.75
1406705776 2509231.5573770492
1406705817 2478392.5
1406705826 2524324.99375
1406705877 2559051.9057377046
1406705887 2533619.0535714286
1406705937 2529880.9464285714
1406705947 2496601.694915254
1406705996 2369202.8985507246
1406706016 2375708.333333333
1406706056 2303190.573770492
1406706077 2283218.3221830986
1406706117 2486526.98943662
1406706127 2486708.34375
1406706177 2347250.0625
1406706197 2322636.221830986
1406706238 2366890.264084507
1406706248 2386980.633802817
1406706298 2603383.8028169014
1406706309 2637659.7826086953
1406706358 2649951.0869565215
1406706390 2663415.322580645
1406706420 2670625
1406706430 2717833.333333333
1406706470 2879166.666666667
1406706480 2846625
1406706530 2209719.262295082
1406706541 2206677.8169014086
1406706601 2553561.813186813
1406706632 2589243.75
1406706661 2607368.75
1406706672 2559658.487745098
1406706712 2424947.237244898
1406706721 2440041.63125
1406706772 2367756.25
1406706801 2354947.916666667
1406706832 2440779.166666667
1406706861 2380624.2854166664
1406706892 2310572.875
1406706901 2324530.601102941
1406706960 2437705.5555555555
1406706991 2574625
1406707022 2656285.7142857146
1406707061 2538317.7966101696
1406707081 2492833.333333333
1406707091 2489527.770833333
1406707141 2466809.4821428573
1406707161 2517749.975
1406707191 2576112.5
1406707201 2599851.388888889
1406707263 2848717.808219178
1406707274 2842298.3870967743
1406707315 2823440.818548387
1406707325 2803135.2110655736
1406707376 2709343.3098591547
1406707396 2636779.75
1406707436 2493255.875
1406707446 2472678.666666667
1406707495 2532654.583333333
1406707505 2506861.104166667
1406707555 2307683.018442623
1406707566 2286749.958333333
1406707615 2266605.5479166666
1406707626 2286161.11875
1406707675 2364556.504237288
1406707685 2363106.5573770492
1406707736 2300537.5
1406707745 2289224.5762711866
1406707795 2231359.7560975607
1406707827 2204727.8
1406707855 2261892.875
1406707876 2352737.676229508
1406707916 2572777.75
1406707936 2680707.6639344264
1406707977 2758478.1453125
1406708016 2657864.1304347827
1406708036 2736288.0434782607
1406708046 2677103.5714285714
1406708096 2192871.4285714286
1406708106 2180992.8571428573
1406708156 2404607.1428571427
1406708166 2420208.333333333
1406708216 2369444.4444444445
1406708256 2317213.1147540985
1406708277 2379143.75
1406708296 2502839.887640449
1406708335 2346011.2359550563
1406708366 2626902.777777778
1406708396 3069652.736111111
1406708407 3183906.399122807
1406708453 3503081.837719298
1406708464 3530887.137820513
1406708567 3512830.769230769
1406708570 3482650
1406708612 2907815.7534246575
1406708643 2599695.1219512196
1406708653 2559408.163265306
1406708692 2694075.6097560977
1406708735 2712551.204819277
1406708755 2566900.6024096385
1406708775 2487786.2318840576
1406708824 2319243.670886076
1406708854 2417495.073529412
1406708875 2457634.3387096776
1406708885 2407394.436708861
1406708934 2264127.6265822784
1406708954 2235678.5714285714
1406708995 2367957.1428571427
1406709004 2370568.0379746836
1406709055 2507120.253164557
1406709074 2461927.7645833334
1406709115 2482336.625
1406709124 2517332.768987342
1406709185 2657708.856012658
1406709194 2666425
1406709235 2373416.625
1406709245 2404416.625
1406709295 2723166.625
1406709305 2735099.9625
1406709356 2583984.9837499997
1406709395 2480889.55625
1406709416 2377020.262195122
1406709436 2263200.495762712
1406709475 2247859.4491525423
1406709495 2323660.7142857146
1406709535 2258357.1428571427
1406709545 2300416.1574074076
1406709596 2387251.060185185
1406709616 2407274.551470588
1406709655 2255576.470588235
1406709664 2242145.0704225353
1406709716 2385019.366197183
1406709726 2365154.7678571427
1406709774 2312797.6535714287
1406709786 2282917.8820422534
1406709845 2187921.5036231885
1406709855 2173049.427966102
1406709896 2313793.7076271186
1406709904 2303904.984177215
1406709955 2385654.039556962
1406709975 2383722.25
1406710015 2388631.4788732394
1406710046 2353393.375
1406710075 2357185.051020408
1406710095 2414380.9642857146
1406710136 2376598.5660714284
1406710145 2413834.745762712
1406710195 2668904.044117647
1406710256 3092750.3529411764
1406710264 3090519.927536232
1406710316 2683461.9565217393
1406710325 2649012.5
1406710376 2927446.721311475
1406710386 2959125
1406710438 2505975
1406710448 2486000
1406710497 2672110
1406710538 2703318.9089506175
1406710558 2564242.766975309
1406710578 2524448.3151408453
1406710617 2369955.985915493
1406710629 2326488.6363636367
1406710678 2279706.8181818184
1406710727 2110886.4197530868
1406710738 2151029.5879629627
1406710759 2163716.0185185187
1406710798 2571450.6064814813
1406710819 2641841.68125
1406710858 2636403.4074999997
1406710869 2597652.855654762
1406710919 2539347.2336309524
1406710942 2417830.5555555555
1406710978 2172755.5555555555
1406711009 2116977.083333333
1406711038 2172318.75
1406711049 2239041.095890411
1406711090 2929639.7260273974
1406711111 3059396.31147541
1406711164 3066715.573770492
1406711334 3274951.282051282
1406711398 3101371.794871795
1406711412 3009557.4324324327
1406711462 2484905.4054054054
1406711472 2463796.875
1406711510 2483680.8177966103
1406711531 2526333.375
1406711581 2679646.1823770492
1406711592 2677382.3529411764
1406711632 2737100
1406711642 2802354.166666667
1406711704 3432023.97260274
1406711715 3486032.544921875
1406711757 3332217.455078125
1406711768 3342526.8146551726
1406711823 3321744.2629310344
1406711844 3291007.692307692
1406711877 3033926.923076923
1406711888 2986654.6875
1406711941 3157414.0625
1406711952 3227981.4814814813
1406711995 3157907.4074074076
1406712006 3103531.25
1406712059 3128174.242424242
1406712072 3159532.173245614
1406712116 2972385.4296875
1406712136 2812279.556451613
1406712178 2746227.9787735846
1406712189 2735557.08390411
1406712241 2438251.2191780824
1406712251 2423193.167682927
1406712300 2603389.239329268
1406712323 2559986.637345679
1406712361 2253794.2283950616
1406712381 2182428.975409836
1406712422 2155502.5925925924
1406712462 2199408.3
1406712472 2311780.638157895
1406712481 2386877.00625
1406712532 2180898.7678571427
1406712551 2170754.125
1406712602 2402850
1406712622 2452455.541666667
1406712662 2403766.625
1406712672 2372609.016975309
1406712723 2307615.2160493825
1406712743 2270785.7142857146
1406712783 2228357.1428571427
1406712793 2237083.333333333
1406712843 2298575.9493670883
1406712872 2340162.5
1406712903 2492892.8571428573
1406712914 2519465.277777778
1406712955 2561972.222222222
1406712975 2549500
1406713015 2523948.9795918367
1406713024 2544113.20754717
1406713078 3070667.452830189
1406713121 3045704.347826087
1406713132 2894638.3641304346
1406713193 3016465.2663690476
1406713205 3719715.230654762
1406713216 3706528.611328125
1406713259 2750807.28515625
1406713269 2669006.418269231
1406713311 2466362.7867647056
1406713371 2242870.1029411764
1406713379 2281702.586206896
1406713400 2458450
1406713442 2776496.2264150945
1406713495 3130646.2264150945
1406713506 3289233.35
1406713550 3958059.2231182796
1406713599 3990236.081967213
1406713611 3845686.9565217393
1406713668 3275635.1063829786
1406713679 3394003.723404255
1406713705 3296242.4242424243
1406713745 3101563.492063492
1406713768 3080672.8217592593
1406713799 3167267.906862745
1406713819 3034462.902777778
1406713861 2710768.548611111
1406713871 2646338.869505495
1406713922 2694383.5164835164
1406713952 2696965.5532786883
1406713983 2592666.625
1406714014 2533976.541015625
1406714036 2751425.513671875
1406714047 2728692.1875
1406714100 2475191.7808219176
1406714120 2497600
1406714150 2561950.955882353
1406714171 2516473.0766129033
1406714212 2516412.4924999997
1406714221 2530815.1408450706
1406714283 2484207.317073171
1406714303 2461109.550561798
1406714342 2368060.6741573033
1406714372 2372925
1406714402 2383152.408536585
1406714413 2437065.359177215
1406714453 2808575.9493670887
1406714481 3010575.757575758
1406714519 3017755.102040816
1406714530 2980979.7297297297
1406714582 2819520.2702702703
1406714593 2867991.4383561644
1406714634 3129220.890410959
1406714655 3463218.257462687
1406714701 3908963.626344086
1406714748 3794537.3405172415
1406714759 3906152.1739130435
1406714771 4091644.0370370373
1406714992 5528046.719135802
1406715002 5457772.013157895
1406715049 4214755.725490196
1406715053 4069680.5555555555
1406715076 3490444.8051948054
1406715120 3225855.5194805195
1406715130 3168738.28125
1406715184 3100326.8884615386
1406715195 3089211.5912698414
1406715236 3121121.6587301586
1406715247 3135545.3287037034
1406715290 3366910.860969388
1406715345 3441463.157894737
1406715355 3077647.3684210526
1406715366 3031410.2564102565
1406715420 3070333.333333333
1406715433 3053051.3392857146
1406715498 3196141.4107142854
1406715532 3262592.6027777777
1406715543 3258583.333333333
1406715598 3079009.6153846155
1406715608 3029267.2713414636
1406715660 2620382.082317073
1406715680 2555999.96875
1406715712 2627366.69375
1406715740 2604194.0307377046
1406715773 2678410.7232142854
1406715782 2709478.2608695654
1406715835 2662364.1304347827
1406715865 2620037.6506024096
1406715898 2521891.5662650606
1406715918 2481000
1406715958 2512500
1406715978 2538706.5217391304
1406716018 2387119.5652173916
1406716027 2386252.1739130435
1406716078 2288722.8260869565
1406716087 2300276.791071429
1406716137 2576009.0053571425
1406716148 2600571.9948630137
1406716198 2733489.7328767125
1406716210 2771035.7142857146
1406716261 2782324.074074074
1406716291 2672656.25
1406716320 2666415.625
1406716341 2691222.208333333
1406716371 2789587.3095238097
1406716383 2783817.4523809524
1406716434 2449629.125
1406716463 2471652.9272151897
1406716504 2520410.9018987343
1406716513 2588751.4139344264
1406716554 2461155.81352459
1406716565 2503446.373263889
1406716616 2329318.5243055555
1406716626 2355089.855072464
1406716676 2493364.1304347827
1406716685 2510403.5714285714
1406716737 2359596.4285714286
1406716746 2346756.1475409837
1406716798 2324726.6129032257
1406716808 2350394.382022472
1406716857 2361891.853932584
1406716887 2388828.125
1406716918 2320229.6875
1406716937 2325705.128205128
1406716976 2359580.128205128
1406716996 2403760.2459016396
1406717037 2401073.9130434785
1406717088 2572785
1406717097 2715394.7565789474
1406717107 2826448.1290983604
1406717158 2640115.5987903224
1406717169 2620771.7391304346
1406717217 2830309.7826086953
1406717250 3058518.092105263
1406717280 3288201.1644736845
1406717293 3345140.3092105263
1406717335 3246491.1447368423
1406717356 3233013.606557377
1406717396 3364233.4
1406717406 3359121.7698412696
1406717459 3047076.1827956988
1406717499 2855950
1406717519 2773800
1406717559 2625324.6913580247
1406717579 2582003.6620370373
1406717600 2562172.7868852457
1406717640 2664547.8395061726
1406717681 2888352.403846154
1406717692 3065637.5
1406717713 3379552.0270270268
1406717757 3322861.077702703
1406717766 3355761.254807692
1406717812 3480420.418269231
1406717835 3430755.5970149254
1406717879 3242495.3703703703
1406717889 3211863.6363636367
1406717934 3196142.8571428573
1406717945 3287303.846153846
1406718025 4162933.1325301207
1406718028 4166490.3846153845
1406718051 4001301.470588235
1406718062 3915116.1971830986
1406718122 3607816.115702479
1406718183 3554974.8510273974
1406718195 3584863.5946969697
1406718238 3549736.111111111
1406718282 3668642.8571428573
1406718294 3428635.8695652173
1406718305 3219703.125
1406718358 3658391.447368421
1406718381 3818206.1403508773
1406718415 3563305.5555555555
1406718426 3418520.833333333
1406718481 3081975.5154639175
1406718523 2933706.730769231
1406718533 2807000
1406718544 2698938.524590164
1406718594 3055813.38028169
1406718615 3367349.251838235
1406718662 3838228.2192028984
1406718684 3823062.46875
1406718719 3541362.674715909
1406718750 3430647.4557692306
1406718784 3339708.375
1406718794 3318619.5306603773
1406718837 3441842.5925925924
1406718848 3454009.8684210526
1406718903 3452475.8355263155
1406718913 3393414.378378378
1406718956 3268854.7179054054
1406718977 3177943.3449999997
1406719019 3346580.035
1406719031 3263767.337264151
1406719072 2743484.0075000003
1406719081 2684515.2173913047
1406719141 2591406.7592592593
1406719162 2570298.9779411764
1406719192 2604318.6102941176
1406719213 2592510.416666667
1406719264 2475098.325819672
1406719274 2499886.625
1406719314 2721729.611111111
1406719346 2861883.3125
1406719378 2896614.802777778
1406719391 2858520.5698051946
1406719444 2801142.8928571427
1406719455 2754746.6570945946
1406719497 2580165.552364865
1406719518 2540088.695564516
1406719559 2853293.609126984
1406719581 3030195.7400793647
1406719622 2999668.0327868853
1406719642 3021178.5714285714
1406719682 3146285.7142857146
1406719692 3121880.9464285714
1406719732 2605738.1071428573
1406719752 2669652.9918032787
1406719793 3204777.4924999997
1406719802 3260616.0714285714
1406719856 3477812.5
1406719877 3462474.1379310344
1406719923 2937560.3448275863
1406719943 2875250
1406719984 2558141.625
1406719993 2556054.13125
1406720034 2829819.4375
1406720044 2844787.043650794
1406720097 3155075.4384920634
1406720107 3157011.0400943393
1406720150 2786812.8378378376
1406720181 2665907.4074074076
1406720221 2629648.1064814813
1406720231 2635928.204861111
1406720272 2761850.682291667
1406720293 2745866.1971830986
1406720343 2971172.131147541
1406720354 3022042.452830189
1406720396 2762983.870967742
1406720416 2717936.507936508
1406720459 2956605.421686747
1406720499 3004224.326923077
1406720511 2772439.3522727275
1406720521 2604194.416666667
1406720571 2603142.9285714286
1406720591 2602664.0483870967
1406720633 2563345.443548387
1406720653 2574833.333333333
1406720693 3035050
1406720703 3142923.5102739725
1406720756 3000743.1147260275
1406720766 3018849.570402299
1406720810 3122512.9051724137
