1406710026 7860
1406710035 8717
1406710046 8954
1406710056 9346
1406710065 9726
1406710075 9364
1406710085 8303
1406710095 7799
1406710105 8016
1406710114 8617
1406710126 9355
1406710136 9184
1406710145 8532
1406710156 8148
1406710165 8063
1406710175 7639
1406710186 7532
1406710195 7930
1406710205 7750
1406710215 7931
1406710225 8867
1406710236 7698
1406710244 7890
1406710256 7833
1406710264 7879
1406710275 8448
1406710286 9022
1406710295 10156
1406710306 10872
1406710316 9661
1406710325 9351
1406710335 10251
1406710346 10930
1406710356 13383
1406710366 14061
1406710376 12626
1406710386 12234
1406710397 12067
1406710407 11736
1406710418 10877
1406710428 10003
1406710438 9774
1406710448 10212
1406710458 9338
1406710468 8803
1406710478 9124
1406710488 9681
1406710497 10637
1406710508 12205
1406710517 12679
1406710529 13659
1406710538 12416
1406710549 9848
1406710558 9306
1406710569 9234
1406710578 9531
1406710588 9592
1406710597 9416
1406710609 8780
1406710617 8832
1406710629 8535
1406710638 8612
1406710648 8332
1406710659 7748
1406710668 7517
1406710678 7460
1406710688 7630
1406710698 7937
1406710709 7862
1406710718 8086
1406710727 8091
1406710738 7962
1406710747 7851
1406710759 7811
1406710768 7603
1406710778 7508
1406710788 8607
1406710798 11245
1406710809 8518
1406710819 9054
1406710829 9192
1406710839 8671
1406710848 8297
1406710858 7988
1406710869 7904
1406710879 7655
1406710889 8363
1406710899 9758
1406710910 10555
1406710919 10073
1406710933 8991
1406710942 8427
1406710950 8449
1406710960 8597
1406710969 8994
1406710978 9155
1406710991 8245
1406711000 7528
1406711009 7241
1406711018 6946
1406711030 7256
1406711038 8416
1406711049 8770
1406711059 7980
1406711069 8618
1406711078 9374
1406711090 11369
1406711099 10910
1406711111 10652
1406711121 10609
1406711131 13570
1406711142 11977
1406711152 12432
1406711164 14962
1406711174 13623
1406711185 11869
1406711195 11023
1406711205 12092
1406711214 12746
1406711225 13207
1406711236 15197
1406711247 16409
1406711257 13768
1406711267 13785
1406711277 13943
1406711288 13975
1406711298 16217
1406711310 19121
1406711322 18309
1406711334 17978
1406711345 15317
1406711355 15093
1406711366 17140
1406711377 16940
1406711388 15945
1406711399 14350
1406711412 13436
1406711423 11964
1406711432 10412
1406711442 9148
1406711452 8201
1406711462 7590
1406711472 7713
1406711482 7209
1406711492 7400
1406711502 8607
1406711510 8315
1406711522 7044
1406711531 7049
1406711541 8007
1406711552 9088
1406711562 9191
1406711572 10000
1406711581 10321
1406711592 13050
1406711602 16590
1406711612 16286
1406711621 12939
1406711632 10942
1406711642 10093
1406711651 10078
1406711662 11770
1406711672 13697
1406711683 17461
1406711693 19850
1406711704 19750
1406711715 19021
1406711726 17972
1406711736 17402
1406711747 16993
1406711757 16938
1406711768 17486
1406711779 18090
1406711791 19531
1406711802 17697
1406711813 13044
1406711823 11472
1406711833 12406
1406711844 13678
1406711855 14751
1406711866 14208
1406711877 13736
1406711888 13104
1406711899 13261
1406711909 13584
1406711920 14891
1406711931 15204
1406711941 16539
1406711952 15938
1406711963 14937
1406711974 15147
1406711985 16100
1406711995 15692
1406712006 16565
1406712017 16521
1406712028 12684
1406712038 11672
1406712049 12412
1406712059 17208
1406712072 18103
1406712083 18155
1406712093 17827
1406712104 18629
1406712116 17381
1406712127 13408
1406712136 12117
1406712147 11102
1406712157 11047
1406712168 10670
1406712178 11268
1406712189 11828
1406712199 12524
1406712209 12628
1406712220 11086
1406712230 10054
1406712241 9720
1406712251 9521
1406712261 9314
1406712270 9357
1406712281 9309
1406712290 8932
1406712300 9192
1406712313 9057
1406712323 9553
1406712332 11308
1406712341 11216
1406712352 8759
1406712361 8199
1406712371 7692
1406712381 7750
1406712391 8134
1406712401 8216
1406712410 8125
1406712422 8070
1406712430 8821
1406712442 8833
1406712451 9724
1406712462 9145
1406712472 8823
1406712481 9093
1406712491 8901
1406712502 8339
1406712512 8463
1406712521 8894
1406712532 8591
1406712541 8766
1406712551 8336
1406712562 8889
1406712571 8731
1406712581 8430
1406712591 8914
1406712602 9033
1406712611 9912
1406712622 12493
1406712633 13769
1406712642 10492
1406712653 8300
1406712662 7893
1406712672 7180
1406712681 7426
1406712693 8038
1406712702 8505
1406712713 8595
1406712723 8651
1406712732 8747
1406712743 8966
1406712752 9250
1406712763 9663
1406712771 11582
1406712783 11007
1406712793 10229
1406712802 9266
1406712812 8608
1406712822 9064
1406712832 8548
1406712843 8484
1406712862 7467
1406712872 7633
1406712882 7818
1406712892 8769
1406712903 11548
1406712914 11790
1406712923 10481
1406712933 10803
1406712943 11153
1406712955 11311
1406712963 11658
1406712975 10823
1406712984 11825
1406712995 12321
1406713004 11826
1406713015 10151
1406713024 9236
1406713035 9467
 1406713056 12770
1406713067 15308
1406713078 17180
1406713089 15453
1406713100 14420
1406713110 14167
1406713121 14211
1406713132 14557
1406713143 13663
1406713153 14240
1406713164 15022
1406713174 12746
1406713184 10767
1406713193 12451
1406713205 17200
1406713216 22250
1406713228 23562
1406713239 18220
1406713249 14196
1406713259 13210
1406713269 12015
1406713281 11261
1406713291 11405
1406713300 10525
1406713311 10289 
1406713320 9668
1406713332 9438
1406713341 9225
1406713350 9569
1406713359 8717
1406713371 8204
1406713379 8166
1406713391 8179
1406713400 8569
1406713411 9014
1406713421 9800
1406713432 10388
1406713442 10999
1406713453 11022
1406713463 10478
1406713474 11274
1406713484 11571
1406713495 12145
1406713506 12626
1406713517 12549
1406713528 13100
1406713540 12559
1406713550 12616
1406713562 13590
1406713587 18603
1406713599 17790
1406713611 16730
1406713623 15667
1406713634 14886
1406713645 15081
1406713657 16999
1406713668 16387
1406713679 15873
1406713693 13449
1406713705 12571
1406713713 12262
1406713724 12104
1406713734 12389
1406713745 13142
1406713757 13869
1406713768 13844
1406713779 13716
1406713789 13209
1406713799 13107
1406713809 13489
1406713819 12890
1406713830 13164
1406713861 13204
1406713871 12368
1406713881 11711
1406713891 10846
1406713901 9625
1406713910 9297
1406713922 9449
1406713932 9064
1406713942 9244
1406713952 9759
1406713962 10398
1406713973 11962
1406713983 11900
1406713993 12088
1406714004 12399
1406714014 12386
1406714025 11421
1406714036 11223
1406714047 10520
1406714056 10087
1406714068 10536
1406714079 11736
1406714088 10463
1406714100 10172
1406714109 11606
1406714120 10801
1406714130 10342
1406714140 9685
1406714150 9390
1406714161 10712
1406714171 10579
1406714191 10597
1406714201 10243
1406714212 9618
1406714221 9147
1406714233 8859
1406714243 8807
1406714252 9060
1406714262 9937
1406714271 9580
1406714283 9836
1406714293 9164
1406714303 9275
1406714313 9231
1406714323 8965
1406714333 8836
1406714342 9239
1406714353 8643
1406714363 9239
1406714372 9065
1406714383 8702
1406714391 8636
1406714402 8338
1406714413 8829
1406714425 10052
1406714434 10255
1406714444 9858
1406714453 10139
1406714464 9672
1406714481 11405
1406714485 13508
1406714496 15829
1406714506 16966
1406714519 15753
1406714530 13834
1406714541 12888
1406714552 12448
1406714561 13016
1406714572 14344
1406714582 15173
1406714593 14738
1406714603 13645
1406714613 13443
1406714623 12190
1406714634 12701
1406714644 13552
1406714655 15015
1406714667 19001
1406714679 17742
1406714691 18952
1406714701 19270
1406714714 19394
1406714744 20147
1406714748 19784
1406714759 19286
1406714771 20452
1406714783 21294
1406714796 21391
1406714808 20521
1406714820 20428
1406714854 22309
1406714857 22097
1406714869 20981
1406714881 20485
1406714892 20297
1406714960 26466
1406714971 30748
1406714992 33127
1406715002 32380
1406715021 29560
1406715030 26417
1406715049 22677
1406715053 21761
1406715064 18194
1406715076 15599
1406715086 14375
1406715097 14278
1406715108 15068
1406715120 15042
1406715130 14218
1406715141 14299
1406715152 16607
1406715163 17451
1406715174 17061
1406715184 14954
1406715195 13408
1406715205 11951
1406715215 10930
1406715225 11474
1406715236 15544
1406715247 15806
1406715258 14965
1406715268 15034
1406715279 14890
1406715290 15305
1406715301 14312
1406715312 15630
1406715324 13465
1406715334 14102
1406715345 14198
1406715355 13586
1406715366 13087
1406715377 11213
1406715387 10700
1406715398 10472
1406715409 11283
1406715420 12039
1406715433 13150
1406715443 13568
1406715454 17741
1406715465 13996
1406715476 13695
1406715487 13830
1406715498 13863
1406715510 13729
1406715520 14570
1406715532 15349
1406715543 15793
1406715554 14071
1406715566 13535
1406715576 12586
1406715587 12274
1406715598 11806
1406715608 11732
1406715619 11068
1406715630 10127
1406715639 9260
1406715651 9093
1406715660 8529
1406715671 8092
1406715680 7952
1406715691 7834
1406715699 8438
1406715712 8568
1406715721 8201
1406715732 8723
1406715740 8938
1406715752 8434
1406715762 8505
1406715773 9346
1406715782 9637
1406715793 9400
1406715803 11157
1406715815 10826
1406715824 10167
1406715835 9734
1406715844 9342
1406715856 9959
1406715865 9998
1406715877 10039
1406715888 9798
1406715898 11102
1406715908 8593
1406715918 8302
1406715928 8306
1406715938 8372
1406715948 8211
1406715958 8729
1406715968 8343
1406715978 8037
1406715988 8159
1406715997 8309
1406716007 8226
1406716018 8362
1406716027 8320
1406716037 8091
1406716047 7511
1406716057 7410
1406716067 8141
1406716078 7337
1406716087 7383
1406716098 8096
1406716108 8890
1406716117 9469
1406716128 9955
1406716137 10397
1406716148 10278
1406716158 10895
1406716168 12434
1406716177 13095
1406716189 9996
1406716198 9720
1406716210 9465
1406716220 9580
1406716230 10007
1406716239 11023
1406716250 12457
1406716261 12938
1406716271 12243
1406716281 11035
1406716291 10679
1406716301 10703
1406716310 10809
1406716320 10348
1406716331 10683
1406716341 10558
1406716352 10195
1406716362 9825
1406716371 10554
1406716383 11728
1406716394 10714
1406716404 10052
1406716414 9098
1406716424 8577
1406716434 8621
1406716442 8203
1406716454 6981
1406716463 6778
1406716474 7003
1406716483 7613
1406716493 8652
1406716504 8257
1406716513 8954
1406716524 10295
1406716535 10855
1406716545 10638
1406716554 9803
1406716565 8877
1406716575 8259
1406716585 7982
1406716596 8933
1406716605 8077
1406716616 7103
1406716626 7419
1406716635 8759
1406716646 10444
1406716656 10001
1406716666 9852
1406716676 10783
1406716685 10883
1406716697 9550
1406716707 9006
1406716716 9681
1406716727 9071
1406716737 8568
1406716746 8948
1406716756 10223
1406716767 10954
1406716778 11981
1406716788 11190
1406716798 10444
1406716808 10749
1406716818 8009
1406716828 9163
1406716838 8770
1406716848 7905
1406716857 8565
1406716868 8110
1406716878 8140
1406716887 7877
1406716897 6913
1406716908 6918
1406716918 7413
1406716926 7674
1406716937 8113
1406716948 8294
1406716957 8852
1406716968 9818
1406716976 9408
1406716988 8742
1406716996 7832
1406717008 7426
1406717018 7076
1406717027 7520
1406717037 7222
1406717047 7574
1406717057 7785
1406717068 7535
1406717077 7760
1406717088 8135
1406717097 10044
1406717107 12121
1406717118 10785
1406717129 11223
1406717138 10863
1406717149 11563
1406717158 11637
1406717169 10697
1406717178 9835
1406717188 9831
1406717198 11041
1406717208 11126
1406717217 12349
1406717229 12584
1406717237 15679
1406717250 17027
1406717259 17619
1406717270 16381
1406717280 15346
1406717293 17381
1406717303 19676
1406717315 18947
1406717325 15215
1406717335 12654
1406717346 12188
1406717356 11632
1406717366 10618
1406717376 10101
1406717386 11368
1406717396 13243
1406717406 14801
1406717417 14150
1406717429 12879
1406717439 10735
1406717448 9860
1406717459 10143
1406717468 8975
1406717479 9333
1406717488 9663
1406717499 9825
1406717508 9942
1406717519 9890
1406717529 9066
1406717539 8287
1406717549 9918
1406717559 9461
1406717568 9024
1406717579 8802
1406717588 9373
1406717600 9361
1406717610 9179
1406717620 8896
1406717630 9150
1406717640 10042
1406717650 11857
1406717660 13447
1406717670 14210
1406717681 16715
1406717692 17089
1406717702 14584
1406717713 13052
1406717724 13774
1406717735 15632
1406717745 15315
1406717757 19010
1406717766 20461
1406717778 19591
1406717790 18078
1406717801 16050
1406717812 15780
1406717823 17678
1406717835 18080
1406717846 14542
1406717857 15496
1406717868 14925
1406717879 14416
1406717889 15071
1406717901 16891
1406717912 17712
1406717923 18388
1406717934 18608
1406717945 19706
1406717956 18732
1406717968 19557
1406717980 19774
1406717991 19246
1406718025 23412
1406718028 23061
1406718040 19421
1406718051 18438
1406718062 17565
1406718075 19662
1406718087 21204
1406718099 20551
1406718110 19653
1406718122 19591
1406718134 18930
1406718183 17815
1406718195 15999
1406718206 13823
1406718217 12317
1406718228 12950
1406718238 13174
1406718249 14026
1406718259 17759
1406718271 19705
1406718282 19745
1406718294 17669
1406718305 15951
1406718316 15672
1406718327 15600
1406718348 15070
1406718358 14342
1406718369 16709
1406718381 16714
1406718392 16326
1406718404 14634
1406718415 16303
1406718426 15399
1406718438 14399
1406718448 14067
1406718459 14087
1406718470 15529
1406718481 15345
1406718492 13061
1406718502 12445
1406718512 12778
1406718523 12680
1406718533 11688
1406718544 10113
1406718553 9973
1406718564 10071
1406718574 9506
1406718584 8970
1406718594 9995
1406718604 13286
1406718615 14683
1406718627 14264
1406718638 13075
1406718650 16640
1406718662 15961
1406718673 13991
1406718684 14467
1406718696 16696
1406718706 16765
1406718719 14064
1406718730 12193
1406718740 11696
1406718750 11282
1406718761 11205
1406718772 12066
1406718784 14402
1406718794 14511
1406718805 13448
1406718816 12539
1406718825 11663
1406718837 11462
1406718848 11909
1406718858 11003
1406718869 13227
1406718892 12350
1406718903 10913
1406718913 9945
1406718922 9939
1406718934 10388
1406718944 12676
1406718956 12642
1406718967 11267
1406718977 10912
1406718988 11185
1406718998 10249
1406719008 9675
1406719019 10860
1406719031 11854
1406719043 11379
1406719052 10866
1406719062 9974
1406719072 10985
1406719081 11727
1406719092 10713
1406719102 10376
1406719112 9904
1406719122 10011
1406719132 10533
1406719141 10404
1406719152 9797
1406719162 9275
1406719172 9507
1406719181 9077
1406719192 9181
1406719202 10713
1406719213 10877
1406719222 10131
1406719234 9785
1406719244 9602
1406719254 9151
1406719264 9098
1406719274 8774
1406719284 8571
1406719294 9141
1406719304 10633
1406719314 11130
1406719325 10469
1406719334 11434
1406719346 12457
1406719357 13518
1406719368 12423
1406719378 12296
1406719391 13626
1406719402 13718
1406719412 12339
1406719423 10931
1406719434 10080
1406719444 9193
1406719455 8496
1406719466 8389
1406719476 7558
1406719487 7620
1406719497 8098
1406719508 10712
1406719518 9448
1406719527 8974
1406719539 10517
1406719548 10841
1406719559 10663
1406719569 10238
1406719581 9966
1406719590 9236
1406719601 8893
1406719610 8693
1406719622 8612
1406719631 8695
1406719642 8823
1406719652 9214
1406719662 8734
1406719671 8909
1406719682 7292
1406719692 7859
1406719703 9418
1406719712 10343
1406719721 11008
1406719732 10662
1406719741 9147
1406719752 8787
1406719763 9114
1406719771 10137
1406719782 15765
1406719793 16478
1406719802 15754
1406719814 15183
1406719824 12618
1406719835 12314
1406719846 11362
1406719856 10954
1406719866 12237
1406719877 12716
1406719889 15280
1406719901 14576
1406719912 12598
1406719923 11257
1406719933 10693
1406719943 10362
1406719953 9682
1406719963 9013
1406719973 9071
1406719984 9827
1406719993 9211
1406720004 8852
1406720014 9653
1406720024 10275
1406720034 9959
1406720044 11261
1406720055 12053
1406720066 10799
1406720076 9959
1406720087 9902
1406720097 9914
1406720107 10504
1406720117 10861
1406720129 10654
1406720138 9780
1406720150 9798
1406720159 9973
1406720171 9164
1406720181 9072
1406720190 9262
1406720201 9651
1406720211 9668
1406720221 8736
1406720231 9281
1406720241 10188
1406720251 11866
1406720261 12017
1406720272 11866
1406720282 11199
1406720293 11377
1406720303 11623
1406720313 11108
1406720323 10416
1406720333 9528
1406720343 9965
1406720354 11245
1406720365 10732
1406720375 11523
1406720384 12429
1406720396 12754
1406720406 12128
1406720416 11729
1406720427 12416
1406720438 12153
1406720448 10377
1406720459 10180
1406720468 10190
1406720479 9710
1406720490 10589
1406720499 10097
1406720511 9265
1406720521 9018
1406720531 8621
1406720542 9060
1406720550 9252
1406720561 8788
1406720571 8746
1406720580 8518
1406720591 9705
1406720601 11047
1406720611 13906
1406720622 15171
1406720633 13523
1406720643 10272
1406720653 8786
1406720663 8374
1406720673 8649
1406720683 8816
1406720693 9571
1406720703 10604
1406720714 10918
1406720724 10005
1406720735 9357
1406720746 10014
1406720756 12016
1406720766 12871
1406720777 13401
1406720787 14136
1406720798 17068
1406720810 17702
1406720821 15203
