METRICS_TIME VALUE
1406623685 237423.23913043478
1406623693 235390.36274509804
1406623736 234385.0071997549
1406623744 239012.93207097458
1406623795 287457.24382560485
1406623806 293493.0578893443
1406623856 295647.104739011
1406623897 296283.8349743151
1406623919 289844.15839041094
1406623929 290365.2914156626
1406623981 298375.7411521084
1406624002 300473.15625
1406624037 307086.0153508772
1406624059 297423.05753968254
1406624100 252609.08134920633
1406624122 243484.85040983607
1406624161 265173.345
1406624172 269938.5819672131
1406624222 274985.66549295775
1406624243 272240.8833333333
1406624282 247092.3697916667
1406624312 245794.2761211832
1406624342 240633.84911736642
1406624402 268362.82323473284
1406624413 267948.8752561475
1406624463 238543.2786458333
1406624473 232926.04626225488
1406624514 231261.03548728814
1406624532 242523.3151483051
1406624573 295620.91721754806
1406624584 305923.05241935485
1406624635 291999.2681864754
1406624645 283732.3073770492
1406624696 264647.48487903224
1406624707 269529.9685359589
1406624759 310124.2771832192
1406624769 314975.3177710844
1406624821 309912.4983057229
1406624842 315606.9114583334
1406624884 329842.16673801374
1406624915 337085.55421686743
1406624947 329524.0028237952
1406624967 343190.7998231132
1406625000 369021.23125
1406625022 391975.1194029851
1406625067 453868.7426470588
1406625090 449829.1810344828
1406625113 432678.1120689655
1406625125 420752.79347826086
1406625182 401378.521875
1406625205 397070.4846590909
1406625237 391301.7168269231
1406625270 404908.92642405065
1406625304 449520.34493670886
1406625316 451864.5079113924
1406625360 410579.12025316455
1406625383 419772.7794117647
1406625428 426898.39473684214
1406625440 419795.0416666666
1406625480 449951.22222222225
1406625500 440686.8323412698
1406625543 397857.60590277775
1406625554 391226.4706730769
1406625598 411574.2908653846
1406625608 410778.4356060606
1406625664 409706.1504424779
1406625721 427624.4586397059
1406625732 431662.4973958334
1406625787 465624.125
1406625811 468357.8214285714
1406625843 420844.00471698114
1406625864 397804.77357954544
1406625898 402113.00959429826
1406625921 397757.05867346935
1406625953 367106.8434311225
1406625996 340113.8779965753
1406626026 314357.662347561
1406626037 308344.7824900794
1406626079 308457.71478174604
1406626089 308506.96772540984
1406626140 296101.40061475406
1406626150 297288.07581967214
1406626201 344134.5833333334
1406626222 359196.82731958764
1406626254 357333.24871134025
1406626298 366937.0416666666
1406626320 351637.83720930235
1406626341 343303.4103773585
1406626373 367249.3726415094
1406626394 373820.3049316406
1406626437 388275.6213068182
1406626449 387950.02716346155
1406626502 310935.20361328125
1406626513 303457.9892695783
1406626564 323710.6042921687
1406626585 354250.8645833334
1406626629 418034.47743055556
1406626636 424952.36337209307
1406626695 357914.97965116275
1406626738 335930.10465116275
1406626758 346578.0705128205
1406626804 429855.1826923077
1406626816 431026.5535714286
1406626862 349034.9464285714
1406626874 343031.9682692308
1406626915 334320.4067307692
1406626927 340551.4719827586
1406626980 347230.1346982758
1406627002 362967.78155339806
1406627070 345790.7427184466
1406627083 360011.2391304348
1406627105 388504.4130434783
1406627116 394824.03125
1406627162 369988.3536931818
1406627193 384686.88512731483
1406627216 440152.4166666666
1406627229 462076.18852459016
1406627277 425488.3695652174
1406627298 400887.6477272727
1406627343 393813.15401785716
1406627354 398043.4166666666
1406627399 408196.88257575757
1406627409 409166.05503731343
1406627466 408558.95934734517
1406627522 415892.5376602564
1406627544 428371.6617647059
1406627579 433500.54411764705
1406627590 442680.13601762825
1406627657 479654.88446302817
1406627661 480653.5670955882
1406627696 488127.8612132353
1406627708 484116.9929956896
1406627754 456983.95
1406627778 454531.825
1406627834 430434.98924731184
1406627871 391097.375
1406627881 371948.375
1406627893 364893.1945876288
1406627947 359898.25773195876
1406627978 365343.26031839626
1406628000 373247.16515031643
1406628057 374951.86875
1406628069 390275.08125
1406628115 367794.234375
1406628149 381648.0903465346
1406628216 478062.264084507
1406628220 479310.1441176471
1406628243 474727.03529411764
1406628301 441621.801369863
1406628316 439035.375
1406628361 450940.36516853934
1406628405 469500.29270833335
1406628421 477146.3861607143
1406628433 477995.0587284483
1406628479 458439.9657346491
1406628536 428342.6766721491
1406628547 425425.40506329114
1406628603 407620.9345332278
1406628615 408650.1324013158
1406628660 407893.84058988764
1406628704 395910.12408088235
1406628717 402690.6877297794
1406628728 403802.82643581077
1406628782 413481.75422297296
1406628828 409745.34375
1406628840 405365.48777173914
1406628851 394773.678125
1406628895 374601.215625
1406628906 374241.5829326923
1406628960 324254.035625
1406628981 307535.328125
1406629023 316072.4609375
1406629065 345483.6674528302
1406629076 343127.7142857143
1406629086 337052.3968253968
1406629139 358263.6379310345
1406629173 374120.47
1406629205 371232.28
1406629239 376686.23214285716
1406629261 381684.1354166666
1406629272 380806.296875
1406629316 380788.75
1406629349 384478.32718749996
1406629382 408975.92
1406629416 423586.98903508775
1406629439 414453.1328125
1406629496 417259.13858695654
1406629508 418233.04347826086
1406629519 419264.29938271607
1406629573 423967.6795910494
1406629624 404305.47530864197
1406629670 387888.5789473684
1406629681 376199.25
1406629692 370280.7083333334
1406629736 401668.3697916666
1406629747 398470.1247596154
1406629801 339971.70476973685
1406629823 332952.6856971154
1406629853 349816.67073170736
1406629864 351762.429245283
1406629918 337646.3773584906
1406629959 335042.9965753425
1406629980 357825.897260274
1406629991 355829.484375
1406630044 341330.7865384616
1406630056 340617.5520833334
1406630098 353517.09375
1406630130 365681.8501602564
1406630165 355401.1384214744
1406630176 359701.91231343284
1406630220 415056.70219216414
1406630232 423652.3463068182
1406630275 441280.00085227273
1406630287 444202.16374143836
1406630348 460706.69965277775
1406630359 450397.9601004464
1406630404 395511.73529411765
1406630427 387864.27642045455
1406630459 363431.46732954547
1406630471 353091.6341911765
1406630527 325616.6704545454
1406630548 322789.9553125
1406630577 327528.01360887097
1406630641 320529.578125
1406630651 320230.39285714284
1406630704 333248.421875
1406630725 342488.1981132076
1406630757 355517.09523809527
1406630767 358428.975
1406630822 372480.99375
1406630832 377284.4479166666
1406630886 357094.86041666666
1406630897 368730.6964285714
1406630942 395405.97823660716
1406630953 390499.82625000004
1406631007 390268.128125
1406631017 392683.99573863635
1406631062 446577.7198275862
1406631075 449829.9919354839
1406631121 393453.1184475806
1406631155 395353.1261160714
1406631177 410695.91576086957
1406631201 402185.9402173913
1406631246 377096.7446646341
1406631324 432803.35975609755
1406631328 434571.90625
1406631360 412209.38613505743
1406631415 403305.6927083334
1406631426 403147.9919871795
1406631482 384910.3048878205
1406631493 380435.3624588816
1406631546 391915.55345394736
1406631558 391245.67884615384
1406631600 425647.7423076923
1406631611 424527.6421875
1406631668 409633.85625
1406631680 401964.1607142857
1406631724 388369.8288461538
1406631745 395021
1406631789 392110.5052083334
1406631799 410851.669921875
1406631844 474813.9111328125
1406631869 547445.439268868
1406631897 518412.621875
1406631909 488162.8930084746
1406631956 463776.82460387325
1406631980 447289.8410560345
1406632014 408385.3780153509
1406632037 382838.0411057692
1406632079 370218.94091796875
1406632101 370478.25
1406632146 354774.65909090906
1406632178 356554.64622641506
1406632199 378246.14919354836
1406632209 385688.796641791
1406632266 377235.0404411765
1406632277 373301.884868421
1406632321 314299.6743421053
1406632342 308676.9330985915
1406632382 312823.9366197183
1406632392 316002.5882352941
1406632435 342068.7426470588
1406632467 346504.08531746035
1406632498 324195.09523809527
1406632509 319346.8125
1406632562 334286.726744186
1406632595 332861.7686011905
1406632625 325416.1361607143
1406632658 314074.1577240566
1406632678 309948.9609375
1406632698 317765.0168650794
1406632741 335971.80555555556
1406632752 336696.3134014423
1406632793 337164.108125
1406632802 340192.4733886719
1406632857 369737.4713541666
1406632868 369350.009765625
1406632924 348991.43306107953
1406632945 345084.52440878376
1406632986 328750.4440878378
1406633109 377866.2075892857
1406633112 379221.7057733051
1406633156 386652.03628177964
1406633168 386324.162006579
1406633213 355474.01339285716
1406633224 356930.55433768657
1406633280 423342.646875
1406633304 427980.3683035714
1406633338 407202.4330357143
1406633406 352813.9278846154
1406633416 347447.61400462966
1406633460 374794.534375
1406633471 387665.4394778481
1406633527 415973.34869462025
1406633539 419793.015625
1406633573 377447.546875
1406633596 370824.50077160494
1406633640 382505.30999228393
1406633654 392171.11106418923
1406633714 517611.3893045775
1406633725 521490.7109375
1406633778 431711.7276785714
1406633781 429197.0255102041
1406633816 397207.53667091834
1406633827 393615.7497558594
1406633880 367630.0855263158
1406633903 361116.1929824562
1406633937 354451.22368421056
1406633979 378859.5520833334
1406634000 417983.03267045453
1406634012 433253.3072916666
1406634058 450884.1857638889
1406634081 452671.42696886446
1406634114 401118.9743589744
1406634562 368300.76923076925
1406634604 389449.0474137931
1406634649 419475.1875
1406634661 396550.209375
1406634694 403651.76875
1406634716 404209.9375
1406634738 393019.69970703125
1406634780 384862.81982421875
1406634802 392149.53671875
1406634848 383690.6546875
1406634860 385839.5099431818
1406634905 383905.75426136365
1406634936 380113.7291666666
1406634959 368547.96001838235
1406634970 364565.9285714286
1406635025 350946.5714285714
1406635036 351737.0100097656
1406635089 378437.8707837302
1406635099 378453.31341911765
1406635142 324425.6470588235
1406635174 330211.1666666666
1406635196 349060.09375
1406635240 366433.03125
1406635262 374252.9476102941
1406635274 379586.499766791
1406635319 390299.69029850746
1406635384 447320.078358209
1406635396 465096.15
1406635444 556385.8475609756
1406635478 566749.6428571428
1406635507 577807.78125
1406635542 507906.9609375
1406635553 463920.828125
1406635564 438355.0232469512
1406635624 426017.6330030488
1406635635 419662.9715401786
1406635680 372099.171875
1406635735 328169.4290865385
1406635745 325537.85062499996
1406635807 324769.790125
1406635860 319418.2457191781
1406635880 318576.72098214284
1406635923 331171.66796875
1406635944 331055.7903225806
1406635975 321048.7903225806
1406635985 320995.4725150602
1406636038 331381.2268448795
1406636058 339393.4813988095
1406636101 363455.45630787034
1406636112 362229.52692307695
1406636166 337758.4923076923
1406636177 336421.8125
1406636221 319111.5625
1406636232 318198.86805555556
1406636283 324935.84722222225
1406636293 324022.89375
1406636348 318296.434375
1406636358 320344.2251536885
1406636399 319385.6498463115
1406636409 322491.32961309527
1406636462 330916.0546875
1406636515 346184.9831349206
1406636525 349018.35887096776
1406636577 380196.44868421054
1406636620 399373.0913978495
1406636648 357219.6102150538
1406636670 358177.28564453125
1406636701 365485.7321777344
1406636712 365739.7365722656
1406636765 363333.6485416667
1406636787 361696.62723214284
1406636821 349853.1242897727
1406636831 349628.56898584904
1406636874 357969.719634434
1406636884 356472.8617070896
1406636941 338262.3636754587
1406636993 326091.0354662698
1406637004 326348.6438679245
1406637046 346951.15249999997
1406637058 379942.0175
1406637104 414081.05744485295
1406637126 421494.7895220588
1406637138 421226.9811422414
1406637173 418252.721713362
1406637184 417220.3
1406637320 416122.475
1406637358 401438.28125
1406637368 399083.7765151515
1406637424 365028.5802238806
1406637435 360528.8476027397
1406637476 351428.2568493151
1406637497 356474.1810096154
1406637541 352385.503125
1406637552 352742.2973557692
1406637606 368151.2118459302
1406637638 354483.089752907
1406637659 347556.4801962209
1406637692 321550.88527397264
1406637713 299931.058005137
1406637732 290225.84464285715
1406637783 290311.9375
1406637804 289787.5572916666
1406637846 284121.875
1406637874 291980.57878521126
1406637906 315228.27596830984
1406637917 315184.3470552885
1406637958 296109.75
1406637967 295513.6814516129
1406638020 307250.4642857143
1406638083 338244.7142857143
1406638093 337641.9296875
1406638137 327968.5703125
1406638147 328578.08730158734
1406638200 350461.60711348685
1406638223 359672.03878348216
1406638256 369575.24895833334
1406638268 389237.29473458906
1406638329 548247.9354910714
1406638338 544363.662784091
1406638384 433172.12966008775
1406638395 430204.31862745096
1406638435 484628.17372881353
1406638454 493714.42253521126
1406638501 480051.0598591549
1406638506 479124.02192982455
1406638558 474290.4471830986
1406638577 466055.47694256756
1406638671 395979.5733952703
1406638675 382752.2264358108
1406638743 352688.628125
1406638775 355122.93316701683
1406638796 366871.3458508403
1406638862 373881.13157894736
1406638872 375989.9240506329
1406638919 416022.6170886076
1406638941 412772.6085526316
1406638976 372600.79389044945
1406639030 335660.8264423077
1406639041 341142.25
1406639052 346845.2375
1406639107 365467.925
1406639151 367441.9326923077
1406639163 354988.0961538461
1406639185 364071.5885416666
1406639217 390349.54224537034
1406639239 403773.0011160714
1406639273 388101.296875
1406639284 383835.8416511194
1406639340 410644.94053171645
1406639351 411713.540777439
1406639419 413972.1493902439
1406639422 411630.88863031915
1406639466 347265.19965277775
1406639476 335966.22314453125
1406639519 303784.8186035156
1406639530 305300.984375
1406639580 360826.890625
1406639591 369773.153286638
1406639638 421384.65207301977
1406639692 544826.3634510869
1406639707 588686.3571428572
1406639713 590129.3396226414
1406639774 499439.7924528302
1406639813 402659.03125
1406639825 385227.28125
1406639846 345847.31810141506
1406639878 323299.16924342106
1406639941 318593.74514358107
1406639952 322310.25925925927
1406639995 351994.8254716981
1406640005 359031.4360795454
1406640061 372318.5016324627
1406640072 373731.5501399254
1406640128 391315.2637867647
1406640140 385107.3125
1406640181 351035.056875
1406640240 326870.85357142857
1406640251 329826.1004464286
1406640317 380223.0533405172
1406640367 374937.47127016133
1406640379 372062.85691713484
1406640423 351858.04582162923
1406640456 368126.4777832031
1406640487 371297.09598214284
1406640498 365080.2421875
1406640533 374645.21875
1406640545 370896.55576923076
1406640598 366821.69431818184
1406640655 369023.7727272727
1406640666 399929.9758522727
1406640722 372392.40909090906
1406640785 411676.671875
1406640796 410034.9503837719
1406640842 386679.5870535714
1406640898 387462.9151785714
1406640908 379989.4609375
1406640962 366365.4004807692
1406640973 373846.1648995536
1406641018 396584.06473214284
1406641043 393696.55767463235
1406641086 379854.91833726416
1406641096 378637.97490530304
1406641142 388328.69696969696
1406641152 391762.7727272727
1406641197 414492.2323943662
1406641223 410922.44444444444
1406641268 398210.2329059829
1406641314 343780.01953125
1406641324 339848.11866554053
1406641382 452980.4256756757
1406641425 483016.98529411765
1406641437 483661.1323529412
1406641467 484563.8676470588
1406641522 451522.6041666666
1406641527 448763.74019607843
1406641624 391598.4861111111
1406641635 389068.85714285716
1406641682 385205.6004464286
1406641694 385172.662006579
1406641739 352779.7232142857
1406641750 350053.7083333334
1406641793 375744.4772727273
1406641805 380978.4435483871
1406641862 406555.8629032258
1406641886 399062.75
1406641920 367952.6955128205
1406641964 351953.2198275862
1406641975 357650.3372844828
1406642007 375206.60027985077
1406642042 411674.90425531915
1406642054 418861.6713362069
1406642100 411950.9924107143
1406642124 401272.2232142857
1406642156 385474.2954545454
1406642168 380859.60447761195
1406642223 367953.0746268657
1406642235 363334.86363636365
1406642278 333153.15277777775
1406642289 330142.69331395347
1406642342 338035.613372093
1406642364 340286.1686046512
1406642405 342584.41606104653
1406642428 345606.68016098486
1406642459 378876.3380681818
1406642471 383795.94675925927
1406642528 389171.35011574073
1406642540 398469.421875
1406642574 409834.878125
1406642585 409488.796875
1406642662 428523
1406642666 429402.9016393443
1406642723 480582.6150568182
1406642732 489980.09375
1406642765 484354.37455357146
1406642802 463856.68367346935
1406642814 470734.1451612903
1406642864 509314.2913669065
1406642913 498783.1950314748
1406642941 480434.91007194243
1406642953 484855.98571428575
1406643011 546671.9076923077
1406643018 550212.783018868
1406643064 499608.328125
1406643117 496950.5652488426
1406643129 488819.42288773146
1406643172 476685.3959216102
1406643188 399239.868125
1406643197 364797.62109375
1406643255 502436.95355902775
1406643260 499590.568359375
1406643295 468456.0260416666
1406643323 488446.5513392857
1406643393 584652.9545454546
1406643400 581184.375
1406643421 492201.403125
1406643435 447374.5751008064
1406643483 450840.471875
1406643495 453362.0842837591
1406643542 433870.5693430657
1406643620 428315.665777439
1406643624 429356.514871988
1406643703 428553.47163865546
1406643719 428777.2079831933
1406643743 424553.58474576275
1406643778 430887.6510416666
1406643803 432522.48463983054
1406643837 435551.9587912088
1406643894 501478.34117647057
1406643901 580240.1621323529
1406643922 587687.0227272727
1406643954 515503.6168831169
1406643978 534426.4365671643
1406644021 620522.2890625
1406644042 611513.5091463415
1406644144 424672.17763157893
1406644156 425897.4215116279
1406644225 531034.6264534884
1406644230 533569.4615384615
1406644266 463849.1346153846
1406644277 457199.9166666666
1406644314 434559.13530585106
1406644324 435326.43973214284
1406644384 457300.51124415884
1406644431 465241.38451086957
1406644443 486951.0767663043
1406644476 491598.60595703125
1406644539 445258.3157894737
1406644552 454460.8333333334
1406644563 476049.081632653
1406644601 487687.45030737703
1406644624 461404.74955357146
1406644636 451062.70390625
1406644681 410165.4255859375
1406644704 413440.603125
1406644738 396669.146875
1406644761 410772.7075471698
1406644795 441907.40566037735
1406644844 450615.79752066114
1406644912 415561.0165289256
1406644916 417212.6875
1406644928 429709.75
1406644973 426498.53125
1406644988 418001.4314516129
1406645035 414176.7292564655
1406645046 438968.4174107143
1406645105 665232.5478766025
1406645124 685427.0350115742
1406645168 781727.2213541667
1406645213 657887.387867647
1406645253 560790.4944349315
1406645305 537654.2653253425
1406645420 502470.91729452054
1406645504 466166.75873287674
1406645520 462552.9190068493
1406645578 455866.5461538462
1406645585 459783.2609863281
1406645642 503262.38332479505
1406645707 505941.4341517857
1406645712 499621.8017769608
1406645758 434317.444762324
1406645783 430734.0655809859
1406645829 472411.1525423729
1406645842 486235.22033898305
1406645888 494388.6998820755
1406645895 485792.21491745283
1406645941 432204.0334429825
1406646009 458480.69
1406646016 466279.48026315786
1406646085 520444.53846153844
1406646094 514249.025
1406646115 485287.1666666666
1406646139 473037.95
1406646195 469535.3333333334
1406646202 477445.1388888889
1406646243 547622.3095238095
1406646258 564298.9435483871
1406646325 506595.6330645161
1406646364 476050.9112903226
1406646398 512560.89936440677
1406646423 534588.5947745901
1406646459 507650.80756578944
1406646480 496125.6169354839
1406646521 514273.30373831774
1406646566 567229.2102803738
1406646587 576011.6875
1406646621 546319.3125
1406646626 546982.3948863636
1406646683 520182.5184659091
1406646709 522058.02698863635
1406646738 533456.46875
1406646741 534245.109375
1406646786 489116.112244898
1406646839 424957.4455128205
1406646864 421338.74576271186
1406646898 441629.7657232705
1406646967 491819.2020440252
1406647023 505754.39913793106
1406647112 517338.82744565216
1406647115 517385.18918918923
1406647149 487261.2906976744
1406647158 484434.7211538461
1406647253 571085.6472868216
1406647287 586042.5615384616
1406647318 592721.75
1406647350 607574.3601694915
1406647377 543850.5028409091
1406647394 494180.3708677686
1406647441 487805.1756198347
1406647498 485492.8939393939
1406647540 461750.65789473685
1406647555 421596.82692307694
1406647566 410140.16489361704
1406647649 514915.8722222222
1406647656 511369.2727272727
1406647678 448728.1008522727
1406647693 427616.4363839286
1406647748 399766.57089552237
1406647760 404515.78683035716
1406647804 458691.5856681034
1406647876 524109.27785326086
1406647942 521808.2465753425
1406647949 517721.4672475961
1406647983 495852.9510216346
1406647994 484204.4670138889
1406648044 416159.8611111111
1406648055 407961.4466019417
1406648102 413253.34344660194
1406648147 408066.7745535714
1406648158 407476.45652173914
1406648170 413662.50917431194
1406648238 464471.7226204128
1406648267 465178.181402439
1406648279 449252.98571428575
1406648302 422798.8333333334
1406648348 400082.4550561798
1406648391 383410.2596153846
1406648395 375731.89423076925
1406648467 347713.3954326923
1406648478 354973.75298713235
1406648523 431382.7637867647
1406648535 447475.1703296703
1406648581 473861.4065934066
1406648614 485150.23214285716
1406648642 422582.0238095238
1406648665 412759.46651785716
1406648698 394898.625
1406648709 400394.25
1406648764 468061.8970588235
1406648777 468337.2166666667
1406648824 440361.794450431
1406648835 438338.5530711207
1406648882 425959.9460827465
1406648906 423247.66941713484
1406648940 442995.7154143258
1406648971 447452.91525423725
1406648999 439990.4146341464
1406649012 438798.72978547856
1406649070 461744.40882838285
1406649119 487852.698019802
1406649302 532629.2552816902
1406649332 495932.9663461539
1406649354 446454.3478260869
1406649378 425704.390625
1406649426 414382.2422975352
1406649449 419501.78125
1406649495 483320.205994898
1406649498 486051.94456335617
1406649568 524599.5497375955
1406649594 566098.7329437023
1406649629 557836.0604619565
1406649663 473980.808125
1406649679 453321.1674107143
1406649725 493588.08035714284
1406649733 506521.24074074073
1406649775 569816.8796296297
1406649806 607334.886924342
1406649851 576367.4776785714
1406649862 572461.0932017544
1406649908 627829.3703703703
1406649943 683146.5625
1406649975 673584.5125
1406649988 684614.1147540984
1406650022 645274.3355532787
1406650036 640395.7791313559
1406650081 605391.224137931
1406650094 600152.0970149254
1406650142 627617.9552238806
1406650204 565608.4179104478
1406650215 565335.609375
1406650259 514706.796875
1406650270 519438.00390625
1406650323 535509.1950892857
1406650340 529547.052631579
1406650380 562581.4385964912
1406650397 585363.9147286821
1406650481 545441.9786821706
1406650509 539654.4797297297
1406650518 523915.7083333333
1406650563 460796.5305343511
1406650649 478152.27173913043
1406650655 472532.8534482758
1406650678 428243.6354166666
1406650703 409738.4100996377
1406650747 418003.9635416666
1406650799 443876.45907738095
1406650831 446479.390625
1406650867 447788.3046875
1406650927 434412.1790865385
1406650974 422112.3409855769
1406650997 418397.1504424779
1406651087 419438.23404255323
1406651091 435068.3345588235
1406651104 483671.3349184783
1406651160 461317.39762126864
1406651171 452258.4921875
1406651226 399062.5522240991
1406651282 378168.6021634615
1406651304 382973.75462962966
1406651353 395993.50925925927
1406651363 396820.341954023
1406651405 408683.4281609196
1406651440 402909.2327586207
1406651463 398955.8607047872
1406651487 398430.39018485916
1406651522 404513.3127200704
1406651534 404046.50859375
1406651578 401778.4046875
1406651602 398955.4662828947
1406651635 397385.5625
1406651646 401332.45426829264
1406651712 433735.5080030488
1406651717 433398.32046568627
1406651763 417120.7931034483
1406651775 421192.8625
1406651843 450356.1295180723
1406651858 439573.97959183675
1406651881 373464.2066326531
1406651892 366180.203125
1406651946 391559.2911931818
1406651969 405184.2590361446
1406651993 410835.6835466868
1406652029 419718.83080357144
1406652063 389920.16455696203
1406652108 375696.65
1406652118 393970.646875
1406652163 429769.6876977848
1406652185 399797.00098892406
1406652197 404814.6004464286
1406652269 374012.1674107143
1406652281 374188.0553571428
1406652304 412844.8638392857
1406652316 425259.2289117133
1406652363 423655.27261800703
1406652424 412408.9609921329
1406652447 416711.6875
1406652482 443954.59375
1406652527 449553.0322580645
1406652541 422083.9811827957
1406652575 404913.50164473685
1406652598 389559.4584263393
1406652631 378516.1256300403
1406652664 383070.4231350806
1406652722 414844.45
1406652759 414971.4392857143
1406652782 350904.1785714286
1406652792 354908.91964285716
1406652838 420036.87096774194
1406652854 424038.2962962963
1406652902 384313.81018518517
1406652946 355480.5636792453
1406652955 356588.7857142857
1406652967 362821.76865671645
1406653022 361220.1771599265
1406653035 365658.2588900862
1406653080 400661.9716796875
1406653115 408269.28536184214
1406653137 390286.40213815786
1406653172 366059.2153033088
1406653205 382468.29484374996
1406653272 425855.3169014085
1406653276 426086.06688596494
1406653322 433268.7579495614
1406653329 426937.12389964785
1406653382 358400.7695862676
1406653393 352231.5848214286
1406653438 369022.3161764706
1406653461 374834.8333333334
1406653506 384860.7083333334
1406653528 391540.3130580357
1406653562 383908.31631944445
1406653573 381240.74247685185
1406653626 418088.0144675926
1406653643 426198.9290865385
1406653678 438030.6783854166
1406653703 428386.9514563107
1406653737 375526.6885618932
1406653781 356377.6197916666
1406653803 365177.77256944444
1406653826 376686.2578125
1406653857 367230.83539244183
1406653869 361333.77220394736
1406653914 356477.2272727273
1406653924 356749.42534722225
1406653980 367347.5072916667
1406654004 358074.57136824325
1406654033 320559.86528716213
1406654054 318270.3771306818
1406654108 366101.09019886365
1406654163 382498.28551136365
1406654209 375906.01785714284
1406654219 354121.7916666666
1406654233 334977.21794871794
1406654275 358237.37179487175
1406654297 365493.0410447761
1406654342 352492.54464285716
1406654353 352448.1720360825
1406654398 394082.2280927835
1406654495 477508.4155927835
1406654524 430632.0850515464
1406654536 432622.22039473685
1406654581 404178.69025735295
1406654604 386227.3012408088
1406654638 364704.4184283088
1406654649 360704.4125
1406654693 350536.25
1406654715 348204.5929648241
1406654759 358829.8570194724
1406654825 361761.8546639447
1406654880 354526.41520100506
1406654892 355113.95192307694
1406654945 368481.5329326923
1406654957 369445.93526785716
1406655001 367060.715625
1406655012 364628.3235294118
1406655056 327270.6176470588
1406655069 324344.9583333334
1406655123 348882.6314102564
1406655134 350703.1119402985
1406655187 395953.76492537314
1406655190 394886.1082175926
1406655246 345359.378279321
1406655268 363496.6004464286
1406655300 398888.1883116883
1406655323 448697.6404761905
1406655375 482149.64285714284
1406655405 475948.4166666666
1406655420 417137.0416666666
1406655432 389318.8362903226
1406655477 408455.0661290323
1406655545 481535.8467741936
1406655575 486424.4045138889
1406655599 453652.453125
1406655623 429984.34083686443
1406655658 412860.75203804346
1406655669 403379.2341008772
1406655715 380534.775862069
1406655727 386433.448275862
1406655773 428632.0964912281
1406655784 424942.2475728155
1406655843 354394.3822815534
1406655876 338663.7265625
1406655898 351956.2994791666
1406655909 355616.8975543478
1406655964 373298.05720108695
1406656013 389250.6494455645
1406656026 388899.08152173914
1406656083 348171.13247282605
1406656105 368133.478125
1406656138 428647.4450431034
1406656192 452281.68224299065
1406656200 408918.22313084116
1406656245 343891.9318181818
1406656255 327648.9375
1406656277 322567.6144230769
1406656320 337554.794005102
1406656375 331369.3385416666
1406656386 331390.75290697673
1406656418 332384.2593283582
1406656440 309703.7423041045
1406656453 312120.90246975806
1406656502 336208.33606557373
1406656514 340316.12652439025
1406656625 386508.9337797619
1406656640 384193.26494565216
1406656683 354593.0036231884
1406656694 350777.4875
1406656738 353450.01851851854
1406656748 353670.35833333334
1406656802 365398.61520833336
1406656813 364121.31135110295
1406656859 363950.98552389705
1406656870 364882.51136363635
1406656927 393000.24212293385
1406656980 406624.5076754386
1406656984 405032.19878472225
1406657040 381971.4817708334
1406657052 377085.134375
1406657097 382031.8296875
1406657120 379509.57598039217
1406657165 370223.5833333334
1406657199 350447.1026785714
1406657221 338616.5416666666
1406657265 356723.06181318685
1406657276 403778.7335164835
1406657312 439417.4
1406657336 449816.27142857143
1406657347 442858.8316271552
1406657394 417825.378125
1406657417 406925.4041015625
1406657462 351919.82109375
1406657474 342068.19447115384
1406657517 343873.9915865385
1406657527 340432.3992598684
1406657581 361467.85526315786
1406657593 360495.36430921056
1406657638 383573.40909090906
1406657648 391533.4517463235
1406657695 420124.8968290441
1406657706 419417.89576740505
1406657763 395313.69798259495
1406657774 391180.676724138
1406657821 395427.77251059323
1406657833 397487.619243421
1406657878 396262.8228400735
1406657901 393610.353125
1406657935 396736.225
1406657958 391462.3014547414
1406657993 399571.5903614458
1406658041 446200.2
1406658053 453117.83559782605
1406658087 441937.2914583333
1406658128 411458.39541666664
1406658162 382565.1179775281
1406658184 345030.12078651687
1406658217 341515.29774305556
1406658238 369661.066497093
1406658260 395493.978125
1406658297 396835.378125
1406658308 394923.578125
1406658365 352163.2442555147
1406658376 345803.3028846154
1406658417 335793.9254385965
1406658433 333252.4
1406658487 335318.71875
1406658497 332176.625
1406658542 323189.71590909094
1406658552 323835.6607142857
1406658605 333551.45666666667
1406658627 338865.73668981483
1406658659 333933.2572408536
1406658668 331865.08990384615
1406658724 335545.9914772727
1406658745 335016.3092447916
1406658777 320363.98285590275
1406658796 317207.60080645164
1406658839 319969.01470588235
1406658881 345399.2083333334
1406658893 353595.875
1406658905 355481.17556179775
1406658959 336445.23121488764
1406658982 333399.9468283582
1406659014 333495.64458955225
1406659026 332062.16558441555
1406659080 338890.5357142857
1406659091 339295.7708333334
1406659146 339014.3443877551
1406659189 318374.95862268517
1406659200 316283.671875
1406659211 319427.9236111111
1406659263 336197.32274590165
1406659272 340192.9598214286
1406659319 345853.2867324562
1406659329 343342.578125
1406659383 327904.6842105263
1406659405 322498.025
1406659447 312451.175
1406659458 315576.7403846154
1406659502 353278.45192307694
1406659512 355144.99709302327
1406659567 319818.7467296512
1406659588 315287.77734375
1406659619 307624.8662790698
1406659631 304106.06597222225
1406659673 329615.7394425676
1406659705 359439.0757211539
1406659739 350815.7391826923
1406659751 352245.8094561688
1406659794 345888.32589285716
1406659816 350724.043699187
1406659858 381370.30894308945
1406659917 418066.9548611111
1406659966 417453.29347826086
1406659978 407638.9673913043
1406660009 400988.8922413793
1406660036 394638.046875
1406660094 434074.8158244681
1406660106 445954.04388297873
1406660130 455432.3474576271
1406660154 435272.19491525425
1406660165 431130.2701612903
1406660216 430415.6308913934
1406660226 433549.3149671053
1406660273 448344.0389660494
1406660307 440012.37704918033
1406660334 430517.1470588235
1406660358 423842.6165254237
1406660393 408783.0386513158
1406660472 426604.32874503965
1406660519 459857.1769230769
1406660537 460288.61363636365
1406660574 451427.7782258064
1406660599 451812.8394495413
1406660654 432855.8612385321
1406660683 431339.0087209302
1406660740 454896.1953125
1406660747 457295.3679245283
1406660757 446154.929245283
1406660793 443998.31097560975
1406660839 464633.35
1406660843 465311.3828125
1406660879 440572.75845286885
1406660904 419499.39247881353
1406660938 406310.25
1406660972 408333.7604166666
1406660995 394466.49910714285
1406661007 386556.98777173914
1406661064 368279.7869140625
1406661087 363844.76754385966
1406661121 375746.305372807
1406661144 376674.81058114034
1406661178 356785.34071828355
1406661211 346628.3125
1406661244 359573.953125
1406661266 359043.5809375
1406661299 363119.71015625
1406661344 367276.14864864864
1406661366 379855.2761824324
1406661423 405577.3821790541
1406661447 420359.9624417702
1406661482 442543.30415372667
1406661538 550896.9508928572
1406661584 535934.245614035
1406661595 524057.537037037
1406661611 511600.5
1406661663 448370.9375
1406661666 444447.0266544118
1406661714 386363.940625
1406661726 377822.65625
1406661782 379004.640625
1406661794 376340.2297794118
1406661839 356000.3844209559
1406661850 354900.325
1406661894 348997.900862069
1406661937 343011.9104938272
1406661959 352940.3759645062
1406661975 355563.6084280303
1406662025 360315.9892418033
1406662036 358766.619636194
1406662081 356477.974113806
1406662092 355705.8973214286
1406662148 376600.2723214286
1406662158 378425.9642857143
1406662204 396362.1120689655
1406662216 395148.8451086957
1406662262 368732.8763586957
1406662273 369435.19437499996
1406662362 445336.46771816036
1406662379 461803.9452110389
1406662439 527935.3318452381
1406662505 564743.397260274
1406662512 563628.9226310484
1406662574 523238.09450604836
1406662629 581197.8235887097
1406662636 592251.7696022727
1406662697 604029.1948863636
1406662739 596075.8863636364
1406662752 573047.0931372549
1406662806 504707.61703431373
1406662841 427055.51721398305
1406662865 403712.1647321428
1406662876 404846.9841517857
1406662923 410338.96473214286
1406662935 407452.05191532255
1406662982 368595.69926075265
1406663016 354669.4375
1406663039 372987.40625
1406663050 371766.9117647059
1406663107 407472.34642857144
1406663120 417029.19491525425
1406663155 403911.54661016946
1406663166 404997.14634146343
1406663224 417672.2134146341
1406663237 421993.6702898551
1406663293 476628.4166666666
1406663321 494880.0176470588
1406663348 498846.5882352941
1406663378 488619.9097938144
1406663423 492427.2744845361
1406663539 384714.68089561857
1406663542 382546.6298828125
1406663587 364012.9181034483
1406663600 362112.6607142857
1406663643 360122.4727272727
1406663655 370623.52857142856
1406663701 396462.72142857144
1406663713 408761.0714285714
1406663757 443470.9166666666
1406663803 493920.06097560975
1406663818 535871.493902439
1406663839 524979.4318181819
1406663884 483293.9583333334
1406663893 484949.37352941174
1406663937 486626.6441176471
1406663969 464714.3660714286
1406663993 438807.528125
1406664029 433551.6640625
1406664065 417714.6875
1406664077 412997.6521739131
1406664134 420989.6337972689
1406664173 384355.962184874
1406664196 380995.4375
1406664242 365660.46875
1406664253 365297.5176454742
1406664298 365163.7957974138
1406664354 375583.4197198276
1406664358 374795.5365853659
1406664426 354187.9085365854
1406664436 358982.60526315786
1406664502 443813.358433735
1406664519 457032.36742424243
1406664568 459420.7727272727
1406664596 437503.57575757575
1406664634 404586.12295081967
1406664657 393437.5416666666
1406664703 391681.4495614035
1406664714 408785.75
1406664752 457798.9525862069
1406664830 417084.86968085106
1406664834 399822.6835106383
1406664846 397015.325
1406664904 400881.68855932204
1406664960 420019.12923728814
1406664964 419823.84722222225
1406665032 477245.36583333334
1406665039 481311.59551630437
1406665086 446095.4913043478
1406665143 427803.9543478261
1406665147 429932.15909090906
1406665231 543725.2457627119
1406665265 547107.318877551
1406665329 418556.2720588235
1406665333 413024.2816455696
1406665379 408520.14556962025
1406665408 414829.4861111111
1406665460 425510.677631579
1406665522 415365.30877293576
1406665558 385129.90338302753
1406665569 383030.08355263155
1406665628 411428.3470394737
1406665653 405265.42534722225
1406665688 401513.0833333334
1406665700 401367.5564516129
1406665734 444107.7580645161
1406665750 458895.4076923077
1406665799 514925.91279069765
1406665836 499630.1396103896
1406665864 425182.3668831169
1406665876 410168.31097560975
1406665925 362342.22141768294
1406665946 355947.4055397727
1406665980 337641.1380208334
1406665991 345987.4362745098
1406666052 460658.26470588235
1406666082 468821.32558139536
1406666095 465186.4324324324
1406666156 479460.68359375
1406666159 478099.5045454545
1406666211 472013.7393617021
1406666228 493164.80319148937
1406666253 508680.4301470588
1406666281 510752.3419117647
1406666296 504119.63157894736
1406666339 463070.87023026316
1406666376 425455.8690929878
1406666398 385196.3664253049
1406666421 378492.98245614034
1406666455 372163.0722222222
1406666466 379653.30833333335
1406666515 422695.06480532786
1406666527 412464.19820926967
1406666581 340876.72296348313
1406666604 347461.1663194444
1406666637 395340.3777777778
1406666671 469690.03125
1406666701 495525.85714285716
1406666713 488194.68493150687
1406666774 438866.03409090906
1406666801 411188.64285714284
1406666825 410372.13095238095
1406666825 410372.13095238095
1406666837 411085.9058441558
1406666895 503729.90909090906
1406666902 498593.09566885966
1406666939 401081.4651864035
1406666952 380047.88409514923
1406667006 376210.0994318182
1406667018 376786.5394736842
1406667063 363105.552631579
1406667075 359506.3203125
1406667119 345180.55889423075
1406667140 345865.4174360796
1406667173 360001.5756392046
1406667207 358450.6875
1406667241 336689.80454545456
1406667262 338266.712890625
1406667305 359313.9002808989
1406667351 362433.9375
1406667362 389881.140625
1406667373 387163.3469669118
1406667421 360245.88373161765
1406667464 347123.9670673077
1406667486 354990.078125
1406667497 360142.3583140432
1406667610 387937.9411651235
1406667648 368856.6129032258
1406667661 330277.82258064515
1406667672 326986.18604651163
1406667725 341491.25290697673
1406667747 348351.01611328125
1406667789 340022.3475506757
1406667821 325988.34780092596
1406667833 318103.47627314815
1406667843 317422.61328125
1406667897 365676.3836206896
1406667930 405278.55434782605
1406667966 396660.3706896552
1406667988 391821.96186440677
1406668022 452982.33474576275
1406668025 452737.2808219178
1406668073 363215.52397260274
1406668095 372885.47023809527
1406668157 469736.74615384615
1406668160 466419.197368421
1406668195 379019.7472826087
1406668206 361588.375
1406668261 300533.4903846154
1406668271 300140.2051886793
1406668314 315390.751953125
1406668335 313674.2083333334
1406668377 300354.4058219178
1406668408 294666.984375
1406668439 291494.775
1406668448 291974.1547379032
1406668501 311066.015625
1406668544 328633.2266666667
1406668565 335076.92166666663
1406668576 337914.54910714284
1406668621 330970.88839285716
1406668632 327951.4182242991
1406668685 322280.1378504673
1406668728 314756.38181818184
1406668740 310479.94444444444
1406668782 309319.6441176471
1406668802 338784.3794117647
1406668825 342097.3295454546
1406668868 340483.58490566036
1406668878 337222.19366776315
1406668923 312933.81517269736
1406668944 293451.6649639423
1406668975 283476.03033088235
1406668995 288493.3852896341
1406669047 283696.45579268294
1406669057 283403.291015625
1406669106 279047.6748046875
1406669127 274723.27507560485
1406669168 264709.5941342213
1406669188 265321.8402566057
1406669219 278677.2625762195
1406669280 278027.6601244919
1406669291 277451.65123456786
1406669340 250948.24537037036
1406669361 250215.1126512097
1406669402 287990.6444777397
1406669434 354085.7552083334
1406669456 379298.7708333334
1406669467 376303.1015625
1406669522 401520.94612873136
1406669534 405649.8776939655
1406669580 354818.0438596491
1406669591 343254.02405753965
1406669643 330045.1599702381
1406669675 339604.5916863207
1406669696 346114.375
1406669716 337114.7619047619
1406669760 308921.6130952381
1406669780 304686.0667808219
1406669823 322844.06035958906
1406669833 325389.0234375
1406669887 322710.83999999997
1406669908 314007.7986391129
1406669940 289185.12424395164
1406669949 291113.21689618647
1406670000 353956.3678495763
1406670058 393491.97622282605
1406670069 395372.56343283586
1406670125 411499.4417938931
1406670178 495810.473759542
1406670200 535588.7705592106
1406670254 707286.59
1406670275 701206.3236842105
1406670293 561079.6368421053
1406670349 465998.89024390245
1406670358 521629.8681402439
1406670375 566436.4584603659
1406670419 746134.0788871951
1406670440 781370.3916666666
1406670509 683668.625363372
1406670538 605875.9280523256
1406670599 597402.288880814
1406670724 525684.265988372
1406670784 454106.15131578944
1406670800 447131.34375
1406670848 445380.5
1406670884 411961.8965517242
1406670906 372691.875
1406670917 356854.1875
1406670960 300001.12037037034
1406670971 292194.9494628906
1406671024 305915.1956845238
1406671055 319453.5625
1406671086 347470.0364583334
1406671109 358096.8939144737
1406671143 356475.33251096494
1406671166 355143.95080236485
1406671196 298456.2738597973
1406671217 303826.37350171234
1406671258 329269.6622431507
1406671269 334126.462993421
1406671313 353488.7993421053
1406671334 359134.459375
1406671378 372550.44190705125
1406671412 360318.60551948054
1406671444 337969.3638392857
1406671455 338973.62934027775
1406671498 376298.58738425927
1406671509 378208.84813262196
1406671557 378939.08174542687
1406671580 375930.99835526315
1406671614 393816.8909722222
1406671625 393360.60634328355
1406671681 350077.5561594203
1406671694 349519.6041666666
1406671738 361012.4285714286
1406671771 380478.4642857143
1406671794 402648
1406671806 403522.18518518517
1406671865 353773.090470679
1406671875 351720.3123022152
1406671920 358740.53797468357
1406671944 360049.4981617647
1406671988 345892.88966346154
1406672009 343027.44176136365
1406672042 345310.4707792208
1406672065 346077.90909090906
1406672108 353676.59545454546
1406672120 358085.49615384615
1406672162 345506.6076923077
1406672173 346629.75
1406672216 326059.724537037
1406672227 320996.8138020834
1406672278 320912.1223958334
1406672300 333802.8033653846
1406672343 380298.88368055556
1406672354 381791.1138392857
1406672398 340609.1785714286
1406672420 333310.7382352941
1406672461 331023.4180147059
1406672483 331038.2649038462
1406672526 327853.92884615384
1406672548 320294.425
1406672581 309796
1406672603 307036.60576923075
1406672643 294168.79807692306
1406672685 308120.8333333334
1406672706 317672.6875
1406672727 306287.7889524648
1406672767 266087.595290493
1406672777 262560.97098214284
1406672817 283924.3392857143
1406672837 285638.64781746035
1406672880 275524.5285050676
1406672911 263582.91994598764
1406672941 239203.39766589506
1406672961 233164.36366637325
1406673000 249442.19586267608
1406673012 248171.1171875
1406673060 241737.03720868644
1406673071 242117.91137295082
1406673121 249390.12676056338
1406673142 251041.82206075173
1406673181 257909.10544143355
1406673242 258302.1123798077
1406673264 260497.77720256025
1406673304 273175.710184488
1406673325 272856.0735294118
1406673355 258005.07689144736
1406673363 255874.54111168033
1406673416 275603.4432043651
1406673426 278744.89699074073
1406673487 288665.75925925927
1406673497 287616.0901639344
1406673536 273445.4918032787
1406673548 272834.22368421056
1406673598 294855.978618421
1406673612 294071.735316265
1406673660 272984.3814006024
1406673681 267743.46875
1406673720 255548.62025316455
1406673760 243523.2239583333
1406673780 248984.38618259804
1406673811 261707.49609375
1406673842 266173.587602459
1406673872 282826.37704918033
1406673903 306491.76105182926
1406673913 310054.6993140244
1406673964 324692.4611280488
1406673985 327389.09716796875
1406674028 326875.39117647056
1406674070 325594.51470588235
1406674079 326692.14285714284
1406674112 322137.83009708737
1406674133 308720.63106796116
1406674182 296069.86875
1406674193 305201.175
1406674202 315829.53183962265
1406674267 351297.96491745283
1406674299 368531.6049107143
1406674323 365504.7472826087
1406674345 354290.2708333334
1406674377 364157.0639204546
1406674389 360907.2494612069
1406674435 358987.305372807
1406674446 358142.13208912034
1406674501 348657.93315972225
1406674543 332408.43465909094
1406674555 351299.0298295454
1406674578 349012.0513392857
1406674621 365170.2254464286
1406674632 368310.4196777344
1406674674 361841.3303222656
1406674685 360365.1424278846
1406674741 343105.3575721154
1406674752 341589.9290865385
1406674795 369114.2427884615
1406674806 371397.9030070755
1406674874 408752.39858490566
1406674901 387471.08450704225
1406674923 336999.96412852115
1406674945 319538.0958136793
1406674976 320538.9464285714
1406674987 326299.248046875
1406675040 376956.8576660156
1406675051 379080.515625
1406675096 358119.08881578944
1406675108 351518.97944078944
1406675161 329133.5865542763
1406675172 326085.765625
1406675227 340366.125
1406675273 345827.86842105264
1406675284 357511.875
1406675295 368141.584375
1406675339 368978.6940268987
1406675374 354992.3207236842
1406675396 338790.5
1406675418 326147.1461538462
1406675461 307697.6394457547
1406675471 307086.9629629629
1406675515 305810.6466346154
1406675576 280632.86057692306
1406675588 282994.203125
1406675640 304142.85912698414
1406675651 303267.1722972973
1406675704 299121.1047297297
1406675714 293777.51033266133
1406675766 253950.51128472222
1406675786 252591.77277728874
1406675825 289894.86289612675
1406675837 292542.7552083334
1406675879 268571.26923076925
1406675889 258419.6393442623
1406675940 230466.825
1406675949 232892.86016949153
1406675999 246820.12295081967
1406676061 244111.47540983607
1406676071 243605.71875
1406676121 233684.4375
1406676141 234702.0953663793
1406676179 240827.9240625
1406676191 244523.05267137097
1406676241 261490.50892857142
1406676261 261869.119278169
1406676301 260936.49845950704
1406676312 258533.30325520833
1406676361 251761.2671875
1406676392 250232.57095286885
1406676422 254670.88461538462
1406676431 257560.81361607142
1406676482 276548.42410714284
1406676492 275820.00120192306
1406676533 280077.8858173077
1406676573 277925.578125
1406676602 293390.0140224359
1406676612 296069.26317401964
1406676653 291172.00270432694
1406676664 292914.8952356557
1406676714 296304.34195696726
1406676725 295588.15669014084
1406676785 304950.375
1406676795 305417.98302469135
1406676846 301613.5339506173
1406676866 297912.09735576925
1406676898 288382.4651731928
1406676949 269978.22975352115
1406676958 262305.01386443665
1406676969 259855.60262182204
1406677017 258671.3140625
1406677079 255363.72916666666
1406677089 256002.31355932204
1406677138 247419.3695652174
1406677158 244065.78813559323
1406677197 248242.005859375
1406677218 247754.80128403465
1406677259 247453.26748143564
1406677298 237116.69173728814
1406677318 244758.2016129032
1406677329 255807.2625
1406677378 281687.12042682926
1406677411 278761.4166666666
1406677441 286702.4
1406677461 290770.4166666667
1406677501 249190.7783018868
1406677514 241117.82317073172
1406677562 257271.92987804877
1406677583 263472.390625
1406677621 260537.85677083334
1406677682 290794.061558735
1406677704 299488.62962962966
1406677736 283049.0487804878
1406677745 279382.2816455696
1406677805 282100.0759493671
1406677815 281682.0335365854
1406677867 246370.05792682926
1406677887 243726.29545454547
1406677927 236528.36292613635
1406677955 240718.58336629748
1406677986 240330.9917919304
1406678006 248379.91436887253
1406678037 263532.4283536585
1406678047 266152.5260416666
1406678097 269126.20426829264
1406678129 266782.58064516133
1406678159 266140.8203125
1406678168 267974.873828125
1406678219 266323.93191964284
1406678238 259073.17372881356
1406678278 244869.69240196078
1406678289 242787.58997395833
1406678338 252577.841015625
1406678349 257179.56303615196
1406678399 282706.0555300245
1406678440 284278.39139344264
1406678460 274599.6966911765
1406678491 262185.6640625
1406678521 268401.1557904412
1406678542 279346.315
1406678582 295459.04000000004
1406678621 330670.3161764706
1406678633 337956.22159090906
1406678654 325296.5397135416
1406678705 270001.52488425927
1406678735 246521.82904411765
1406678756 244594.9689453125
1406678775 259446.701171875
1406678816 288474.45477764425
1406678827 284975.8229166666
1406678876 262859.0859375
1406678887 260926.83253528224
1406678938 254023.73343063187
1406678978 282027.0651041666
1406678998 317234.5825892857
1406679020 329253.14314516133
1406679060 286565.02459016396
1406679081 276727.5423828125
1406679121 259949.7923828125
1406679140 261177.73516613926
1406679180 245143.26068037975
1406679200 243517.0833333333
1406679240 233296.75
1406679252 231100.3167424153
1406687700 270108.83465278597
1406687711 269444.4111168033
1406687761 271800.796875
1406687801 282524.7700892857
1406687821 275858.7566964286
1406687831 275197.44491525425
1406687880 253331.51086956522
1406687900 245729.4166666667
1406687940 233827.51593137253
1406687951 233239.97532487626
1406687999 238471.39108910892
1406688041 245560.25756048388
1406688061 250651.421875
1406688081 253716.99776785716
1406688121 234331.89955357142
1406688131 234343.2594936709
1406688180 236877.31695015822
1406688200 236249.890625
1406688240 230690.06451612903
1406688262 227546.8024691358
1406688301 239327.54320987655
1406688321 238877.45454545453
1406688359 237989.2181818182
1406688411 253868.63784246577
1406688421 262333.645119863
1406688432 263458.5796682099
1406688482 250078.30401234567
1406688502 239833.21822033898
1406688541 224017.23093220338
1406688561 230341.9583333333
1406688601 255735.7299382716
1406688642 258843.5450819672
1406688662 252252.25
1406688692 237688.48384533898
1406688721 225032.19576539856
1406688761 224875.61476672534
1406688781 213539.371368838
1406688792 216417.9471830986
1406688841 233320.1778169014
1406688852 234687.91549295775
1406688901 237927.95950704225
1406688912 236607.66300317796
1406688960 233672.84839794302
1406688991 237243.6059170082
1406689021 247449.48299632352
1406689042 249443.93515625
1406689080 226561.92421875
1406689091 224291.99798387097
1406689142 226187.96840659343
1406689182 248882.93220338982
1406689201 262927.7276400862
1406689211 262413.5013020834
1406689261 237411.69140625
1406689271 234926.6783854167
1406689321 230290.54746835443
1406689350 232785.6171875
1406689381 239328.15625
1406689400 238951.75691964285
1406689441 233255.2142857143
1406689451 230108.47592213115
1406689502 221817.878125
1406689541 228050.4476023707
1406689560 242090.9546875
1406689581 262945.140625
1406689613 296272.74776785716
1406689623 298692.43032786885
1406689674 273275.1159067623
1406689684 265800.868727993
1406689745 242162.76540178573
1406689754 247737.63560267858
1406689803 286417.4285714286
1406689815 290306.4386003521
1406689865 231472.88589348592
1406689874 229170.51890625
1406689915 232123.0677083333
1406689934 235068.54313858697
1406689984 249201.0056905864
1406690015 263702.9650735294
1406690035 274264.46875
1406690045 274264.203125
1406690105 251405.73828125
1406690125 252981.15
1406690155 261778.63815789472
1406690163 263914.9130434783
1406690224 296340.776755137
1406690236 297721.5492788461
1406690276 286305.3306760204
1406690285 284029.0958686441
1406690335 263187.875
1406690365 268392.23146186443
1406690394 288600.4649390244
1406690406 288219.1011904762
1406690457 263963.05614697805
1406690497 262140.90104166666
1406690517 267291.6145833334
1406690527 268842.6379766949
1406690576 263681.95265625
1406690627 260585.65343237706
1406690637 260642.453125
1406690687 240859.59295550847
1406690696 234608.51891447368
1406690706 230455.2109375
1406690756 230538.48770491802
1406690767 229817.44672131148
1406690817 224345.6264044944
1406690856 230192.32799258473
1406690876 227382.2734375
1406690896 224105.29517663043
1406690945 229974.859375
1406690976 240702.41962139425
1406690997 268718.96370967745
1406691038 304661.1264508929
1406691058 262831.3161830357
1406691067 260447.84588068182
1406691127 248387.5606060606
1406691157 258335.95
1406691177 273811.51829268294
1406691198 280235.5630787037
1406691247 270364.293595679
1406691258 269509.6564002404
1406691299 251298.8899872449
1406691307 248890.09375
1406691359 245811.28232230392
1406691409 234517.3164556962
1406691418 246750.74841772154
1406691438 242660.55
1406691478 239601.7515625
1406691518 229155.94333465188
1406691539 231034.48526503163
1406691557 227970.20722987287
1406691598 241144.50896516393
1406691618 251833.47858796298
1406691659 264233.849537037
1406691679 267998.2708333334
1406691719 261759.77168367346
1406691728 256644.02921195654
1406691778 224221.47622282608
1406691788 219612.16878434067
1406691838 229210.05176854396
1406691869 230968.25770089286
1406691897 252509.35613839288
1406691908 254246.01754610657
1406691958 261289.56262807376
1406691969 260247.09426229508
1406692019 243348.11016949153
1406692028 244903.16321536145
1406692080 290525.7676957832
1406692102 291035.6849385246
1406692141 261948.11670918367
1406692151 255915.67372881356
1406692200 243629.7435897436
1406692229 246533.18661971833
1406692260 258186.872909331
1406692271 261010.99537037036
1406692321 275203.7754629629
1406692341 271677.63671875
1406692379 266974.446484375
1406692401 264982.3948412698
1406692442 309358.63633578434
1406692452 325973.7524038461
1406692494 341259.9920212766
1406692546 283806.53393817204
1406692566 251123.98689516127
1406692587 240394.40594059406
1406692617 253418.3318378713
1406692667 269223.848599138
1406692675 271468.471875
1406692687 273041.3233695652
1406692738 252827.3812839674
1406692767 247948.67109375
1406692797 238467.10078125
1406692808 239515.91158536586
1406692859 279081.8525152439
1406692879 279321.6629464286
1406692919 267348.0044642857
1406692929 263891.05245535716
1406692979 259974.12723214284
1406692989 257090.07210553277
1406693040 254917.54918032786
1406693050 257483.17715669016
1406693101 261853.83065580987
1406693111 262283.6912715517
1406693159 242983.24771769665
1406693200 224594.8485915493
1406693221 227335.6795774648
1406693230 225348.66101694916
1406693280 228570.93661971833
1406693301 230147.625
1406693341 231278.1276041667
1406693370 232996.93816021126
1406693401 248909.39414612675
1406693412 247710.2936422414
1406693459 236156.74528556035
1406693470 234914.48361545138
1406693519 209277.8580729167
1406693531 208881.64632601352
1406693579 216682.57538006757
1406693630 217591.64084507042
1406693641 213675.06338028167
1406693650 214384.70955882352
1406693701 218729.64705882352
1406693709 220419.44285714286
1406693759 218518.21071428573
1406693771 218659.7474385246
1406693820 211724.43942481885
1406693840 211244.05295138888
1406693880 221564.4947916667
1406693892 219601.8964512712
1406693939 212892.24299568965
1406693950 214014.62018229166
1406693999 216472.4296158257
1406694059 212345.97217987804
1406694081 209509.70200892858
1406694121 195769.91517857142
1406694129 195790.38362068965
1406694179 191059.07863729508
1406694190 189577.4189293033
1406694240 206942.12783061594
1406694259 218116.22101449274
1406694300 223682.6847826087
1406694309 224479.74285714288
1406694359 208440.1111607143
1406694370 208434.33291330645
1406694421 233476.775
1406694440 238130.1894862288
1406694480 243907.1372767857
1406694510 244563.52316810345
1406694538 229209.37048611112
1406694600 213821.29668445123
1406694620 218057.4010416667
1406694660 225223.70588235295
1406694671 224982.6170886076
1406694721 206070.37658227846
1406694739 207435.8409090909
1406694779 220076.99692234848
1406694820 223682.53828125
1406694839 210783.26015625
1406694850 204166.79852552817
1406694900 202416.746368838
1406694910 203388.28708465188
1406694960 194456.04282041139
1406694979 198803.8361111111
1406695020 195087.0416666667
1406695050 198988.78804347827
1406695080 194762.20108695654
1406695089 194648.69491525425
1406695139 196123.40625
1406695169 207053.14112903224
1406695201 220135.57415254237
1406695228 217357.35344827586
1406695259 208556.71654929576
1406695299 203313.40277777778
1406695320 210050.92361111112
1406695331 207720.01630434784
1406695380 195999.79347826086
1406695389 193313.41785714286
1406695439 182343.78616071428
1406695450 181924.89088114753
1406695500 192146.625
1406695530 195660.78813559323
1406695559 195035.44
1406695580 193329.08527728874
1406695619 189351.6007922535
1406695630 189183.01419270833
1406695679 190175.90481954225
1406695701 192350.99167520492
1406695740 212109.59973404254
1406695748 214233.48581932773
1406695800 195575.39364495798
1406695859 187382.7282021605
1406695881 194039.6188271605
1406695920 202793.51697530865
1406695940 215384.3541666667
1406695979 223348.4635416667
1406695992 226067.6935483871
1406696041 212504.62349232455
1406696049 215393.30813029662
1406696100 273546.53314012097
1406696111 283237.16982581967
1406696161 327607.2999559859
1406696182 335489.47641509434
1406696214 303452.90686274506
1406696233 287268.7285487288
1406696273 276931.30339972524
1406696324 268615.9216549296
1406696344 263500.6758474576
1406696383 246220.1796875
1406696403 250522.9807545732
1406696424 254861.440234375
1406696463 234716.4718237705
1406696485 228336.60784313726
1406696514 234220.9700168919
1406696522 235727.33645833333
1406696574 233720.85223214288
1406696592 231665.3165467626
1406696643 238236.92176258995
1406696703 224776.31025179857
1406696713 226434.19852941175
1406696763 235933.0661764706
1406696805 272102.4423076923
1406696815 280053.94207317074
1406696846 276252.8016065141
1406696886 248220.0598958333
1406696906 235942.8933423913
1406696945 221147.13926630435
1406696955 222114.63109110168
1406697004 253416.4734375
1406697015 254649.8306864754
1406697065 226915.18564618644
1406697074 223187.6140625
1406697115 193874.0833333333
1406697125 195216.52777777778
1406697184 220969.6666666667
1406697196 220244.66393442624
1406697234 195168.93045594264
1406697245 192279.66623263888
1406697303 199412.5299479167
1406697324 205623.1108870968
1406697365 219574.23774509804
1406697375 218836.7708333333
1406697414 211917.16458333333
1406697425 210442.9647887324
1406697485 215383.7142857143
1406697495 218952.9
1406697535 231682.806122449
1406697544 230647.27173913043
1406697604 221550.75
1406697616 221140.81608606558
1406697665 224520.8186961207
1406697674 225197.0484375
1406697725 237383.5
1406697785 220007.751953125
1406697805 212498.6015625
1406697835 208538.625
1406697845 210748.95127118644
1406697894 240092.3625
1406697905 241028.70171618852
1406697955 209660.5182291667
1406697965 205303.4702219203
1406698024 197326.50770089286
1406698035 195688.20427766393
1406698085 200987.2075892857
1406698105 206839.43008474575
1406698144 193566.08250000002
1406698155 188942.2042253521
1406698205 201330.32570422534
1406698215 201858.4216101695
1406698264 203499.74166666667
1406698275 203186.9014084507
1406698315 204334.2353653169
1406698335 201236.98125
1406698385 198025.63359375
1406698415 195236.93359375
1406698445 207642.2140625
1406698465 217306.09982638888
1406698495 234083.75347222222
1406698535 218491.7083333333
1406698555 202075.0833333333
1406698565 198020.59722222222
1406698625 201917.15711805556
1406698645 199624.984375
1406698685 207293.55
1406698695 205153.63888888888
1406698745 189228.3333333333
1406698775 193808.125
1406698805 269437.4512195122
1406698816 284995.39390625
1406698855 261087.38006284917
1406698914 246769.2839560056
1406698975 245054.21835719273
1406698995 247189.11488217214
1406699036 259084.7540625
1406699045 260500.46841032608
1406699105 259684.666015625
1406699125 252193.92857142858
1406699164 227756.50022321427
1406699175 226607.75892857142
1406699214 234125.71316964284
1406699234 238444.52321742958
1406699285 227622.96734118852
1406699295 221395.24375
1406699335 201241.1830357143
1406699365 200351.07421875
1406699395 205549.125
1406699454 203413.82083333333
1406699485 207693.37295081967
1406699515 209528.0576923077
1406699524 210574.7515625
1406699585 231329.234375
1406699595 231189.6041666667
1406699645 229364.1875
1406699655 232854.48528079712
1406699706 234197.5117753623
1406699714 238330.09692028986
1406699764 251983.11673460144
1406699775 254105.61692708335
1406699816 238671.75729166667
1406699824 239058.36016613926
1406699885 244018.04588607594
1406699895 242770.125
1406699945 218295.8392857143
1406699965 210981.05243644066
1406699994 201322.78628177964
1406700004 199946.9453125
1406700054 195818.05859375
1406700064 194002.87922643442
1406700115 192728.53893442624
1406700125 195710.4221398305
1406700174 213686.23506944446
1406700215 216601.69498239437
1406700245 207529.4375
1406700255 206648.1
1406700295 215986.2625
1406700305 216611.328125
1406700364 229224.0484375
1406700375 225980.3541239754
1406700425 208098.9973958333
1406700435 205905.9283854167
1406700485 203074.61328125
1406700495 205592.6764547414
1406700536 221468.075700431
1406700543 222474.00237341772
1406700605 227205.46647547468
1406700615 225610.0185546875
1406700656 218118.64697265625
1406700685 216196.9872881356
1406700715 214691.15
1406700735 213771.5625
1406700785 216100.96875
1406700795 217032.7916666667
1406700834 209220.26666666666
1406700845 211236.448630137
1406700907 219335.79945054947
1406700936 217730.6875
1406700965 213064.0705128205
1406700975 209113.57843137253
1406701016 191701.5416666667
1406701035 192885.77321428573
1406701086 209105.30625
1406701095 209238.4603794643
1406701144 205918.7142857143
1406701156 204364.41542119565
1406701206 197252.65675951086
1406701236 194052.1484375
1406701256 194194.4204727564
1406701275 201896.65794270835
1406701316 224919.98529411765
1406701326 225914.50423728814
1406701375 209839.5498459507
1406701397 202293.87307889346
1406701436 195948.9140625
1406701445 197064.36227678572
1406701506 214519.3693080357
1406701515 213002.39194915254
1406701565 188244.72644927536
1406701584 189906.76240808825
1406701616 201200.5026041667
1406701626 203506.2784168956
1406701685 223162.25154532967
1406701707 219981.2
1406701736 200666.35
1406701745 198347.449609375
1406701796 209364.0494791667
1406701817 215633.75078125
1406701865 211674.91328125
1406701886 218190.86875
1406701925 221883.34
1406701936 219952.93647540984
1406701986 216225.55357142858
1406702006 215088.11219262297
1406702047 215581.41294642858
1406702055 218255.89375
1406702107 235114.36371527778
1406702127 230995.55745648732
1406702156 217028.54272151898
1406702186 207412.3125
1406702216 202246.0015625
1406702236 202980.76450892858
1406702286 220083.1184895833
1406702296 223118.41737288138
1406702345 231344.4680989583
1406702356 228271.7484375
1406702395 208158.91305803572
1406702426 204336.0286885246
1406702456 212805.02764423075
1406702465 213065.85002200704
1406702527 196472.48335597827
1406702534 197074.0234375
1406702576 206888.76502403847
1406702586 208864.99305555556
1406702646 218830.59201388888
1406702666 238476.87323943662
1406702707 350208.5633802817
1406702717 359047.11005434784
1406702753 357126.43256578944
1406702774 350423.809375
1406702818 322595.046875
1406702870 317634.83829941857
1406702880 353477.7020348837
1406702904 355925.21785714285
1406702945 307698.5119047619
1406702985 297333.3359375
1406703005 287585.62890625
1406703025 283242.31473214284
1406703055 268720.06026785716
1406703075 257060.6229619565
1406703124 227254.74523305084
1406703134 226921.3333333333
1406703185 227535.3958333333
1406703193 229892.01640625
1406703244 247118.74599609376
1406703265 242204.0540625
1406703294 224890.2888621795
1406703304 222803.7083333333
1406703354 216191.45550847458
1406703363 215283.15001977846
1406703425 229324.66960047468
1406703433 229266.45643538138
1406703474 223922.28297139832
1406703484 224187.82167119565
1406703543 225738.74275362317
1406703553 226348.56451612903
1406703605 233688.95801526716
1406703654 237813.22614503815
1406703684 238848.85546875
1406703714 240321.6165497449
1406703733 243009.07142857142
1406703784 241315.15778688525
1406703794 236281.69862288138
1406703843 206605.71341145833
1406703854 205397.26
1406703893 221492.39285714284
1406703924 244684.509477459
1406703954 261219.49776785716
1406704015 268061.796875
1406704036 275702.91875
1406704075 294678.8440625
1406704086 296736.1317515432
1406704146 296523.1728395062
1406704156 298473.39112903224
1406704197 319691.7197580645
1406704208 318946.796875
1406704262 280874.1875
1406704282 275546.49282786885
1406704323 277753.1280809859
1406704353 276732.35869565216
1406704373 279645.3061594203
1406704392 276822.0840163934
1406704434 268648.23767605633
1406704463 267814.38188559323
1406704493 276583.2886029412
1406704514 279880.184375
1406704563 275159.5958333333
1406704574 274417.6424632353
1406704614 270677.93973214284
1406704644 273659.1160714286
1406704684 290242.55241935485
1406704706 295845.1451612903
1406704746 289482.8333333334
1406704778 288945.53921568627
1406704797 283726.025
1406704818 269780.29508196726
1406704858 263021
1406704878 264087.35714285716
1406704919 259920.4783482143
1406704928 259713.1220868644
1406704978 267151.9713114754
1406704989 275165.0216733871
1406705040 309621.453125
1406705071 333214.671875
1406705103 321372.7461993243
1406705145 294158.7701612903
1406705165 293968.81048387097
1406705207 297235.8780487805
1406705227 285348.43902439025
1406705247 293603.08173076925
1406705279 321175.6625
1406705292 324453.10590277775
1406705342 290985.3671875
1406705352 288335.61574074073
1406705402 310958.44444444444
1406705423 317542.76171875
1406705456 330549.8515625
1406705466 329671.2578125
1406705520 316507.49963235296
1406705551 308264.68483231706
1406705582 311458.0415396341
1406705602 302538.830109127
1406705635 292610.6708829365
1406705645 289434.99131944444
1406705706 295344.22743055556
1406705716 289538.36160714284
1406705756 260174.3705357143
1406705776 244208.58606557376
1406705817 238280.88
1406705826 242358.81328125
1406705877 273347.4546618853
1406705887 275739.37276785716
1406705947 257261.8638392857
1406705957 252299.52694746378
1406706006 234292.80117753622
1406706016 233138.59765625
1406706066 245976.8728227459
1406706077 248117.03355532786
1406706117 264502.2848360656
1406706127 265511.037109375
1406706186 275604.3201171875
1406706197 274686.9858870968
1406706238 264937.02419354836
1406706248 264744.07922535215
1406706298 274818.72535211267
1406706309 273860.94565217395
1406706358 242731.39673913043
1406706390 244142.6814516129
1406706420 264056.875
1406706430 268407.7708333334
1406706480 263219.125
1406706500 259692.62038934426
1406706541 261665.77653155942
1406706601 272712.4715831044
1406706632 274262.1541666667
1406706661 270494.26875
1406706672 266428.25858410494
1406706721 257199.4658564815
1406706742 250980.1029296875
1406706781 250539.18359375
1406706801 251557.91459216102
1406706840 254697.7
1406706861 257751.515625
1406706901 275563.890625
1406706912 274494.4194444445
1406706960 240071.26111111112
1406706991 245345.625
1406707022 267448.8678571429
1406707061 274013.70338983054
1406707081 275236.1666666666
1406707091 275598.8333333334
1406707141 255920.5
1406707161 249362.2857142857
1406707202 251021.46830357143
1406707211 251884.572265625
1406707263 271155.55230034725
1406707274 274756.1030745968
1406707315 281429.47731854836
1406707325 282997.3073770492
1406707376 276274.7315140845
1406707396 270732.9285714286
1406707446 273155.01449275366
1406707465 274725.2653061225
1406707495 261333.625
1406707505 256059.15234375
1406707555 232705.1189805328
1406707566 229525.95065104167
1406707615 236176.75
1406707626 240274.08958333335
1406707675 267233.37916666665
1406707686 269624.92418032786
1406707736 240196.8156779661
1406707745 235043.81991525425
1406707795 230517.88719512196
1406707827 234332.8875
1406707855 248271.20200892858
1406707876 251535.10578893442
1406707916 227162.6666666667
1406707936 225504.87692110654
1406707977 243989.9791015625
1406708016 242597.81080163043
1406708046 240516.890625
1406708066 239715.575
1406708096 227749.689453125
1406708106 224731.15736607142
1406708166 213144.7622767857
1406708176 215264.125
1406708227 238515.05
1406708256 253349.354296875
1406708287 253747.2078125
1406708296 253758.02828322785
1406708335 253660.2732397152
1406708366 275757.96180555556
1406708407 348284.80859375
1406708418 368551.19819078944
1406708464 406175.8172286184
1406708567 428087.02312911185
1406708570 424986.56666666665
1406708581 355190.1861111111
1406708612 299535.6875
1406708643 266357.39024390245
1406708653 263569.7291666666
1406708703 287835.08231707313
1406708735 293655.09722222225
1406708755 270678.0486111111
1406708775 261993.9502118644
1406708814 244444.6892800633
1406708854 249501.35527663934
1406708875 248531.20287298388
1406708885 245836.15575553797
1406708944 245393.96924446203
1406708954 246717.6575520833
1406708995 255832.769921875
1406709004 256063.47290348102
1406709065 244340.31615901898
1406709074 243921
1406709124 267193.828125
1406709135 264945.2734375
1406709174 256957.69954978814
1406709194 259389.4237455986
1406709245 260570.30700231483
1406709275 259183.578125
1406709305 279122.465625
1406709325 288144.96078431373
1406709356 266407.7
1406709395 248638.106640625
1406709416 247641.43102134147
1406709436 241270.0436970339
1406709475 232216.17717161018
1406709495 233854.34598214284
1406709545 240836.96875
1406709565 246446.85600490196
1406709596 257434.32827818627
1406709616 252680.7697610294
1406709664 229869.2518465909
1406709716 247200.10085227274
1406709726 246430.3002232143
1406709786 250788.57506793478
1406709795 247920.0625
1406709834 220990.58890625
1406709845 216974.28742439515
1406709896 212925.68763241527
1406709904 214415.96568433545
1406709966 238281.65872231012
1406709975 239538.836328125
1406710026 229921.10849471833
1406710046 231363.84613347458
1406710085 240300.80835459183
1406710095 241901.1809895833
1406710136 251045.898046875
1406710145 250744.5266154661
1406710195 236028.4279805672
1406710256 223779.12027310923
1406710264 223490.0416666667
1406710325 258073.60294117648
1406710366 299718.8340163934
1406710386 308972.4233870968
1406710428 300020.6490384615
1406710438 284466.66796875
1406710448 270045.0359375
1406710508 282703.15
1406710538 281114.01785714284
1406710558 259533.36049107142
1406710578 255244.9998899648
1406710629 242825.7625
1406710668 240504.91677295917
1406710678 240208.60143008473
1406710727 234235.76591435185
1406710738 241961.30121527778
1406710759 237338.13744212964
1406710798 242580.44068287036
1406710819 240676.944921875
1406710858 242264.12203124998
1406710869 242725.74116443453
1406710919 264321.4318266369
1406710942 258264.26388888888
1406710978 225981.63888888888
1406711009 218884.98541666666
1406711038 231083.684375
1406711049 238980.99828767125
1406711099 284976.6609589041
1406711111 290618.18043478264
1406711164 307601.75339673914
1406711214 303832.85460069444
1406711225 300139.27105034725
1406711236 308047.6746031746
1406711288 367202.74596774194
1406711298 367223.5597587719
1406711345 370882.8724287975
1406711377 374593.7982742537
1406711399 349096.7465018657
1406711412 338391.7157534247
1406711462 257235.9109589041
1406711472 251750.52734375
1406711522 252028.13360699153
1406711531 255320.30309851695
1406711581 280887.38358094264
1406711592 282304.82901785715
1406711642 291140.3714285714
1406711651 298389.25
1406711693 349818.1179245283
1406711704 355188.07421875
1406711757 363007.0881347656
1406711768 361131.6138392857
1406711813 337163.6732954546
1406711823 334587.65576171875
1406711877 334850.7084134616
1406711888 335385.3122558594
1406711941 344966.6796875
1406711952 347845.11805555556
1406711995 343161.2037037037
1406712006 340784.849609375
1406712059 346774.02840909094
1406712072 345022.1115679825
1406712116 321262.0859375
1406712136 311734.26965725806
1406712178 307088.4033018868
1406712189 305531.72067636985
1406712241 294049.95847602736
1406712251 290175.90586890245
1406712300 269930.3165015244
1406712323 260972.29967206792
1406712361 240700.71971450618
1406712381 237195.28970286885
1406712422 249603.82851080247
1406712462 261457.1111865942
1406712481 262706.33548460144
1406712491 261185.23549107142
1406712541 253562.42857142858
1406712551 252961.1975308642
1406712602 269809.4799382716
1406712622 264571.12561274506
1406712653 241477.65234375
1406712672 238433.1373697917
1406712713 258512.94546568627
1406712723 260993.45982142858
1406712783 258206.2857142857
1406712793 257499.8125
1406712843 243433.8433544304
1406712872 254625.71041666667
1406712903 297104.2261904762
1406712914 301646.2795138889
1406712963 288413.4791666666
1406712975 284607.06018518517
1406713024 288700.10802469135
1406713044 301661.3425925926
1406713078 339454.8733766234
1406713121 359947.2347826087
1406713143 337220.9599184783
1406713193 359382.83668664383
1406713216 363554.0750411184
1406713259 303438.24794407893
1406713269 298806.32761270495
1406713320 273866.0859375
1406713371 251803.67584745763
1406713379 257515.2801724138
1406713400 289660.7239583334
1406713442 332817.31810141506
1406713506 375950.721875
1406713517 383160.7901545699
1406713562 431059.85215053766
1406713599 427746.8545081967
1406713623 410685.5380434783
1406713668 385553.0350609756
1406713679 388646.3189786585
1406713705 369279.1911931818
1406713734 351993.2281746032
1406713768 339399.075
1406713799 325967.51960784313
1406713819 320174.6588541666
1406713861 301615.0924479166
1406713871 300101.4136332418
1406713922 296364.52472527476
1406713952 298876.6764705882
1406713973 302276.9861391129
1406714014 315904.7858952703
1406714047 335446.7845982143
1406714056 334012.1815068493
1406714100 297654.7910958904
1406714120 288677.3637295082
1406714161 290924.8189338235
1406714171 289815.4118923611
1406714221 279879.7369791666
1406714233 279664.7530487805
1406714283 297673.5365853659
1406714303 296194.143258427
1406714333 265258.3972085674
1406714372 265221.2017663043
1406714402 281748.89024390245
1406714413 287772.6867088608
1406714464 305013.2341772152
1406714481 322261.9545454546
1406714519 368095.5153061225
1406714530 366514.31081081077
1406714582 311837.8141891892
1406714593 313860.0976027397
1406714644 342175.0273972603
1406714655 361894.7108004386
1406714701 418800.62752016133
1406714748 441934.4313038793
1406714759 438710.6576086957
1406714771 431221.27561475406
1406714820 446401.1362645349
1406714857 457919.112704918
1406714881 440662.6857142857
1406714892 434635.69620253163
1406714960 506915.16000000003
1406714992 586547
1406715002 600226.2324561403
1406715049 512821.70690524194
1406715064 437625.36631944444
1406715076 391251.6633522727
1406715120 355036.9706439394
1406715130 347777.74189814815
1406715174 336368.51153846155
1406715195 337626.3084332192
1406715247 347480.86582341266
1406715258 347802.0208864796
1406715301 346273.97895408166
1406715345 341874.1586538461
1406715355 345402.5697115385
1406715366 343538.1270032051
1406715420 334012.2135416666
1406715433 335534.32882462686
1406715487 368755.11875
1406715498 371925.573125
1406715543 370987.02
1406715587 356210.24615384615
1406715598 337019.3076923077
1406715608 330178.48780487804
1406715660 275241.0243902439
1406715680 267485.2608695652
1406715721 275281.77377717395
1406715752 278416.8997395834
1406715782 303522.2513020834
1406715793 302334.4407429245
1406715835 296871.0716145834
1406715865 292049.9006024096
1406715898 269923.5662650602
1406715918 268513.8333333334
1406715958 283155.1666666666
1406715978 279973.0874094203
1406716018 240509.01222826086
1406716027 237737.12330163043
1406716078 244132.72826086957
1406716087 248018.92566964286
1406716137 278736.0127232143
1406716148 284754.52290239726
1406716198 304769.3784246575
1406716210 303596.72023809527
1406716261 276761.36574074073
1406716291 274968.609375
1406716320 285386.7859375
1406716341 296120.609375
1406716383 306487.7760416666
1406716404 293367.4419921875
1406716442 246212.4720703125
1406716463 240956.88314260563
1406716493 257402.80325704225
1406716513 269792.97222222225
1406716565 283700.7822580645
1406716575 276831.3823529412
1406716616 246196.2740502451
1406716626 247330.4792798913
1406716685 258395.75752314815
1406716707 261457.23076923078
1406716737 280341.26923076925
1406716746 283135.3176229508
1406716798 261408.2701612903
1406716808 258182.8426966292
1406716868 249317.0629389045
1406716887 248211.24932065216
1406716918 249720.03974184784
1406716937 248319.67788461538
1406716988 240177.09615384616
1406716996 240879.96716101695
1406717047 241944.59069293478
1406717088 250690.92578125
1406717107 291234.41863567074
1406717129 291565.98991935485
1406717158 264139.34097782255
1406717169 262438.9171195652
1406717217 271849.7486413043
1406717250 296951.50164473685
1406717280 338115.6949013158
1406717293 341982.5053453947
1406717335 309424.1163651316
1406717356 303334.5015368853
1406717396 313425.10625
1406717406 313157.79141865077
1406717459 288541.748655914
1406717499 277982.4791666666
1406717519 272908.2395833334
1406717559 260923.58834876542
1406717579 254139.17939814815
1406717600 256094.04149590165
1406717640 279743.96180555556
1406717681 320378.734375
1406717702 345218.453125
1406717713 353291.25
1406717757 367761.078125
1406717766 370762.1508413461
1406717823 380739.6947115385
1406717835 379731.1785714286
1406717879 358074.5138888889
1406717889 359397.0151969178
1406717945 402874.9565496575
1406718025 465685.3853539156
1406718028 465674.1215625
1406718062 417545.38468749996
1406718075 411377.07851239666
1406718122 390318.40082644625
1406718183 397866.3632277397
1406718195 399768.52509469696
1406718238 381101.3142361111
1406718282 372096.8265224359
1406718305 340687.016025641
1406718316 343736.5074013158
1406718358 378868.27713815786
1406718381 394504.8552734375
1406718426 381476.59453125
1406718438 384713.331185567
1406718481 359831.73147551547
1406718523 344431.9427083334
1406718544 293471.8125
1406718553 293057.22777288733
1406718604 329524.3309859155
1406718615 339202.721713362
1406718662 367481.9404438406
1406718684 363704.30859375
1406718719 342186.3002485796
1406718750 327998.49879807694
1406718784 313083.5213068182
1406718794 313117.4077240566
1406718837 333771.8220486111
1406718848 332550.984375
1406718903 312182.875
1406718913 306217.2837837838
1406718956 308617.3040540541
1406718977 301626.3
1406719019 309596.9
1406719031 305760.5631067961
1406719081 276449.9458434466
1406719122 260382.29783950618
1406719141 259050.75636574073
1406719162 256275.81147540984
1406719202 269443.3235294118
1406719213 273497.2096774194
1406719254 263286.1048387097
1406719264 265513.625
1406719325 286063.3125
1406719346 300591.4245283019
1406719378 323610.43333333335
1406719391 319778.4610389611
1406719434 296772.90909090906
1406719455 278105.0625
1406719508 247128.0271577381
1406719518 244241.86228553922
1406719559 260111.39756944444
1406719581 267898.58457341266
1406719622 272686.73668032786
1406719642 268571.89285714284
1406719682 232216.67857142858
1406719692 232860.8861607143
1406719741 256363.86584821428
1406719752 263250.1662202381
1406719802 316833.6476190476
1406719846 343910.85185185185
1406719856 357905.77419354836
1406719877 370727.948275862
1406719923 299703.4540229885
1406719943 286762.9776785714
1406719973 282176.1941964286
1406719993 277116.685959507
1406720044 299415.8369455645
1406720055 308734.5595238095
1406720107 322989.5734797297
1406720129 318303.0299831081
1406720159 299601.6418918919
1406720181 296019.2330729166
1406720221 284614.9622395834
1406720231 285648.9921875
1406720282 290041.73046875
1406720293 291604.0425204918
1406720333 320237.03662909835
1406720343 322243.3100527108
1406720406 322249.0180722892
1406720416 325300.42570754717
1406720459 316772.5327560241
1406720499 288834.8256777108
1406720521 264274.4032379518
1406720542 258057.2828125
1406720580 297165.7897321428
1406720591 296043.5354662698
1406720643 300127.5246975806
1406720653 304856.81205985916
1406720703 321315.2473591549
1406720714 324129.35170990566
1406720756 331771.4236778846
1406720766 335292.6020114942
1406720821 333380.4286997126
