1406623634 5261.041666666666
1406623644 5230.141949152543
1406623693 5581.83024691358
1406623725 5644.910342261905
1406623756 5876.610763113839
1406623795 6239.791275024414
1406623826 6227.112457275391
1406623836 6436.188687599311
1406623885 8300.985135438012
1406623897 8362.93013671875
1406623939 7592.64337890625
1406623960 7295.958333333334
1406624002 8306.252272727274
1406624015 8468.449561403508
1406624059 7371.625
1406624070 7269.954365079366
1406624122 7635.04435483871
1406624132 7928.15
1406624172 10046.98984375
1406624182 10176.840895961708
1406624243 8441.448410678917
1406624253 8054.612309669961
1406624292 6228.241525423729
1406624312 5816.670123644111
1406624361 6050.574426572185
1406624413 6246.5635734437
1406624424 6407.775760904948
1406624473 7019.969444444445
1406624514 6707.2266949152545
1406624532 6914.240384615385
1406624553 7481.346774193548
1406624594 7544.642361111111
1406624625 7395.4375
1406624656 7687.492957746479
1406624696 7843.4166259765625
1406624727 7661.514511108398
1406624736 7611.6200526975235
1406624780 7472.122940063477
1406624800 7640.231488789597
1406624842 8039.58751270869
1406624853 8271.981311536816
1406624905 9035.948630136987
1406624915 9299.051049017136
1406624958 10843.129055884576
1406624967 10871.96498046875
1406625022 9743.36224609375
1406625033 9596.122522690717
1406625079 9163.418981215533
1406625090 9298.313055630388
1406625137 10725.78252908458
1406625182 12072.838235294119
1406625205 11582.735294117647
1406625216 10904.523076923077
1406625259 9599.351923076923
1406625270 9266.909420289856
1406625328 9078.865044247788
1406625383 8880.775
1406625428 9418.473684210527
1406625440 10578.360465116279
1406625471 12474.3533832596
1406625500 9406.027890860316
1406625523 8723.23138853561
1406625565 8624.63287495458
1406625586 8458.756099076705
1406625620 8407.990516493055
1406625631 8452.427166325031
1406625686 9977.480966700186
1406625721 10253.412280701756
1406625743 9800.244444444445
1406625766 9135.360294117647
1406625799 8662.654411764706
1406625811 8511.01592684659
1406625854 8631.748641104068
1406625864 8744.453290052817
1406625921 8009.102155658561
1406625985 8955.301649496589
1406625996 8909.678571428572
1406626037 9098.446428571428
1406626048 8756.075242718447
1406626100 6711.571893488319
1406626140 5763.86523791327
1406626160 8027.522832455843
1406626169 7697.103365384615
1406626212 6324.448113207547
1406626222 6527.633720930233
1406626287 7776.544655023619
1406626298 8169.788478851318
1406626341 8481.764335632324
1406626351 8774.972453567218
1406626394 8883.681034794561
1406626405 8733.608240464155
1406626460 7764.517850988052
1406626513 7782.646919921875
1406626574 8777.887595703125
1406626585 9235.582661290322
1406626636 10828.943181818182
1406626684 8346.514896716102
1406626695 7928.975869668497
1406626758 8791.532864200368
1406626780 8502.385775862069
1406626816 9217.8125
1406626874 6823.727611940299
1406626883 6961.942073170732
1406626915 8018.988636363636
1406626937 7184.988636363636
1406626949 7578.655769230769
1406627002 10357.221082089553
1406627070 9428.6651119403
1406627083 9801.547413793103
1406627128 10534
1406627184 10083.1
1406627193 10097.91447368421
1406627260 9277.923611111111
1406627265 9206.349397590362
1406627298 10260.605421686747
1406627343 10607.196428571428
1406627354 10718.527777777777
1406627388 10539.892857142857
1406627421 10439.678571428572
1406627431 10460.007425742573
1406627477 10828.841584158416
1406627522 11812.981343283582
1406627544 13505.75
1406627556 14938.87389380531
1406627602 17457.931990631914
1406627657 25448.10450873941
1406627661 25837.86507936508
1406627720 23968.946428571428
1406627731 24308.80172413793
1406627778 27322.446601941745
1406627834 22336
1406627838 21073.125
1406627871 16083.842307692308
1406627903 11345.934615384616
1406627936 10119.9201171875
1406627958 11801.938290550595
1406627978 12911.12567608173
1406628023 15062.143134394779
1406628057 15344.563200577446
1406628081 12911.519807235054
1406628115 11615.25
1406628138 11891.882352941177
1406628149 11342.054487179488
1406628216 10890.121912136885
1406628220 11019.654739200367
1406628254 12694.888235294118
1406628301 11124.040322580644
1406628316 9898.23067533053
1406628327 10001.981110647823
1406628405 15425.788609946647
1406628409 15135.67857142857
1406628433 12248.264285714286
1406628444 11702.480263157895
1406628503 8994.32894736842
1406628547 8373.891791044776
1406628558 10076.552238805969
1406628570 9988.822784810127
1406628626 8140.079113924051
1406628637 8079.7692307692305
1406628672 8514.807692307691
1406628704 8713.127412683823
1406628740 7380.883251953125
1406628749 7086.319376627604
1406628794 7302.57911392405
1406628828 7439.414179104478
1406628861 7250.924107142857
1406628884 7025.75
1406628917 8377.5
1406628929 8206.326640625
1406628981 8137.908668619792
1406628992 8078.155520484561
1406629044 7861.937561035156
1406629065 7900.9846790241745
1406629097 7490.873353470203
1406629108 7373.166748046875
1406629163 7892.076923076923
1406629173 7994.901315789473
1406629217 7559.467105263158
1406629239 7796.916666666666
1406629283 8573.731481481482
1406629293 8689.71212121212
1406629338 9322.208170572918
1406629349 9457.86257386819
1406629393 9811.396853715945
1406629416 10843.908980582524
1406629463 13132.40776699029
1406629496 13936.17088607595
1406629519 10340.585443037975
1406629542 10615.087962962964
1406629573 11112.34375
1406629636 9858.9375
1406629670 9063.179487179488
1406629703 8180.836619841747
1406629714 8006.5333984375
1406629758 7854.462962962963
1406629768 7893.200439453125
1406629823 8141.9278564453125
1406629832 8195.934898501537
1406629884 7876.651740126723
1406629938 7193.511784110482
1406629959 7211.005226135254
1406630002 7773.902750651041
1406630034 7884.416666666666
1406630056 7891.2109375
1406630098 7748.7972972972975
1406630120 8830.405405405405
1406630130 8896.590909090908
1406630186 10550.5
1406630197 10566.292381955867
1406630232 8688.374366091008
1406630243 8556.689166729266
1406630318 12086.326951246996
1406630336 11323
1406630359 9191.5
1406630372 8443.936290067784
1406630427 7469.083414713541
1406630438 7382.4333984375
1406630482 8026.9666015625
1406630493 7987.833251953125
1406630538 6909.036265980114
1406630548 6877.006507748463
1406630599 7576.716324344758
1406630641 7698.2001953125
1406630662 7743.832270784198
1406630694 7538.623930431548
1406630725 7503.300048828125
1406630746 7343.248046875
1406630778 7485.685546875
1406630789 7457.969907407407
1406630844 7203.069444444444
1406630886 7248.655660377359
1406630897 7340.133928571428
1406630942 7661.830291748047
1406630953 7850.561005859376
1406631017 9205.653333162007
1406631029 9264.27146629051
1406631086 9126.39503761574
1406631098 9085.347826086956
1406631144 9807.68115942029
1406631155 9850.72463768116
1406631201 11059.141304347826
1406631213 10996.343487995426
1406631324 8305.820208474865
1406631328 8345.288798014322
1406631372 10034.12164376796
1406631415 11123.866856971154
1406631437 10693.183823529413
1406631449 10212.382462686568
1406631504 10119.692307692309
1406631514 10058.925907841436
1406631558 9311.51845904478
1406631611 9793.001900540865
1406631623 9509.536069123642
1406631634 8980.15410841557
1406631680 8370.486111111111
1406631724 8071.690384615385
1406631745 7483.7965116279065
1406631767 6889.865384615385
1406631799 7574.942307692308
1406631810 7526.275510204082
1406631869 9735.321428571428
1406631897 9568.13028169014
1406631940 8832.656596679688
1406631947 8533.864501953125
1406631980 7360.940490722656
1406632003 7188.77201120477
1406632037 6698.618538411458
1406632048 6650.5234375
1406632101 7303.151315789473
1406632124 7293.120454545455
1406632156 7039.671296296296
1406632178 7197
1406632222 6983.25
1406632245 6533.205223880597
1406632277 6975.555970149254
1406632289 6789.408835018383
1406632342 6061.068689682905
1406632362 5921.32167762434
1406632403 6601.547535211268
1406632413 6628.029069767442
1406632467 7625.977550417878
1406632489 7141.442213792067
1406632519 6233.536585365853
1406632530 6169.967105263158
1406632584 6143.032894736842
1406632595 6179.700471698114
1406632637 6263.541666666666
1406632658 6429.388719512195
1406632698 7200.06953244093
1406632719 7303.4744873046875
1406632752 6607.4375
1406632763 6447.983606557377
1406632813 6974.042416431865
1406632824 7104.704248046875
1406632879 7421.225
1406632913 7343.488636363636
1406632935 6112.363636363636
1406632945 6268.133620689656
1406632997 8583.853448275862
1406633109 12190.228260869564
1406633112 12125.52027027027
1406633123 12627.761098500845
1406633146 11374.282132332784
1406633180 9286.66244346217
1406633203 8102.7945334694605
1406633234 7872.133322975852
1406633246 7671.6570940290185
1406633304 6862.439492308064
1406633327 6940.120535714286
1406633360 7591.085443037975
1406633406 6970.633928571428
1406633416 6992.484165736607
1406633427 7425.916748046875
1406633483 8981.204545454546
1406633504 9509.899963378906
1406633539 9357.867293648098
1406633596 8338.402572037337
1406633616 8048.71052631579
1406633665 6469.901315789473
1406633672 6803.466666666667
1406633714 10383.641666666666
1406633725 10946.914741516113
1406633778 8456.077466692244
1406633781 8309.406746093751
1406633838 7384.300205078125
1406633903 6918.961388790246
1406633937 6776.026360762747
1406633959 7052.339933696546
1406633979 7038.567307692308
1406634012 7511.184615384615
1406634024 7517.130434782608
1406634081 7519.791748046875
1406634104 7229.565851151316
1406634136 7082.175472861842
1406634176 6564.926829268293
1406634218 6525.962802318816
1406634259 6481.843238343584
1406634270 6443.15014038086
1406634320 5852.149957275391
1406634339 5898.116788538491
1406634380 7241.991788538491
1406634402 7125.735529972957
1406634432 6890.495967741936
1406634464 7358.984747023809
1406634495 7480.987137775031
1406634562 6827.395301040338
1406634593 6921.454957457794
1406634615 8055.570736238326
1406634649 7812.603364196005
1406634683 7714.54022448576
1406634694 7435.403924371778
1406634738 6882.435637483892
1406634780 6854.10546875
1406634802 7298.277173913044
1406634826 7596.591666666667
1406634860 7814.877777777778
1406634892 8057.621212121212
1406634926 7985.7575128728695
1406634936 7840.1802668784985
1406634982 7335.7600316289645
1406634993 7153.633414713542
1406635046 6753.200081380208
1406635057 6564.761087669516
1406635099 6214.25880833676
1406635133 6409.157692307692
1406635164 6691.448170731707
1406635174 6743.903301886792
1406635217 7335.73106060606
1406635240 7407.520220588235
1406635274 6960.332720588235
1406635285 6848.265789163524
1406635332 7108.73865735853
1406635396 8229.519970703124
1406635407 9077.958312988281
1406635432 10263.25352112676
1406635478 12673.376923076923
1406635497 11888.965909090908
1406635522 9462.166666666668
1406635542 8637.82558139535
1406635587 8772.891635628634
1406635608 8621.579926826584
1406635648 7648.4659853653175
1406635658 7485.422413793103
1406635692 6686.508620689656
1406635735 6378.04222972973
1406635766 6555.237745098039
1406635786 6470.923076923077
1406635818 6319.756756756757
1406635860 6495.862903225807
1406635880 6508.808823529412
1406635911 6664.66037735849
1406635933 6660.916666666666
1406635944 6536.15119047619
1406636005 6269.838176618304
1406636038 6180.9308483195755
1406636058 6615.365384615385
1406636090 7124.658045977012
1406636124 6140.685344827586
1406636145 6081.839592827691
1406636177 6836.261829517505
1406636232 6561.987548828125
1406636253 6479.203069112387
1406636304 6454.967546945594
1406636315 6499.845802100929
1406636358 6542.185810810811
1406636378 6480.197115384615
1406636420 7070.723557692308
1406636462 7000.773684210526
1406636472 7815.557992393092
1406636515 8531.941589355469
1406636536 8590.68537183078
1406636568 8081.031645275298
1406636620 8066.681372549019
1406636659 8091.296650007659
1406636670 8202.228068801593
1406636712 7909.497517277645
1406636735 7926.0889453125
1406636787 9267.505813953489
1406636821 9493.933035714286
1406636843 8728.966981132075
1406636874 7452.412698412698
1406636906 7492.969637784091
1406636918 7709.841872642781
1406636962 7196.523465562141
1406636993 7457.849950396825
1406637025 7447.193396226416
1406637046 7489.962025316456
1406637080 8664.45411392405
1406637104 9015.276849287975
1406637138 9734.408635779273
1406637159 9771.518355758102
1406637196 9313.45987654321
1406637219 9116.035116872481
1406637320 8405.73375235948
1406637368 7918.338804183468
1406637379 8321.672652049732
1406637413 7797.047064482276
1406637446 7489.586704799107
1406637497 7920.995045230264
1406637541 8099.4416015625
1406637552 7797.420596168155
1406637562 7553.187993958939
1406637617 6967.805212686228
1406637638 6866.84
1406637681 6703.393333333333
1406637692 6531.823529411765
1406637732 5990.8038832720595
1406637743 6012.849256727431
1406637804 6039.790964762369
1406637815 5999.194642857143
1406637866 6492.960714285715
1406637874 6639.891314338235
1406637917 7603.337821528597
1406637927 7493.218361776383
1406637978 6970.259549500512
1406637988 7048.630434782608
1406638042 9016.184977921195
1406638093 8750.745195942542
1406638104 8651.5
1406638137 7933.00920952691
1406638158 7354.9998779296875
1406638179 7359.96845327524
1406638223 7775.839250837053
1406638256 8106.232608695652
1406638280 9830.310869565217
1406638338 9038.54411764706
1406638348 8698.842105263157
1406638395 9161.833333333332
1406638429 10300.449152542373
1406638454 9849.794642857143
1406638457 9791.086538461539
1406638551 9639.048076923078
1406638558 9698.682692307691
1406638577 8687.782608695652
1406638581 8461.053191489362
1406638671 7811.555555555556
1406638731 6642.759259259259
1406638743 6687.420454545454
1406638753 6926.4375
1406638775 7455.544724770642
1406638817 8338.211828949254
1406638862 9075.866577148438
1406638885 7256.3717664930555
1406638907 7878.04753766741
1406638941 8717.918069773707
1406638965 7992.9058988764045
1406639008 6525.1590946497545
1406639030 6476.1130458286825
1406639052 9200.55934361049
1406639064 9266.047130072295
1406639119 7433.64171100485
1406639151 6705.287797407671
1406639185 6602.7405118075285
1406639195 6750.581805193866
1406639239 7195.038016703591
1406639262 7368.747017045454
1406639294 7779.886363636364
1406639306 7932.065217391304
1406639363 8026.676470588235
1406639374 7934.973214285715
1406639419 7713.499923706055
1406639422 7666.463686735734
1406639488 6693.010954204359
1406639498 6666.2692307692305
1406639540 6481.094339622641
1406639551 6661.485000000001
1406639604 9222.64
1406639615 9842.59375
1406639661 14586.417613636364
1406639692 14864.981907894737
1406639774 10229.925986842105
1406639779 7956.858552631578
1406639813 6772.388059701492
1406639834 6538.786664820429
1406639846 6516.8354642427885
1406639899 7165.102631578948
1406639941 7746.25
1406639952 7684.913043478261
1406639964 7584.446153846154
1406640017 7831.436507936508
1406640027 7859.969682173296
1406640072 8268.491275185033
1406640084 8617.990291819853
1406640140 9380.455395256122
1406640181 8636.994999999999
1406640206 8687.494999999999
1406640240 10160.3125
1406640263 12991.145220588234
1406640274 13287.748128255207
1406640317 10345.571945354503
1406640367 7558.959055254536
1406640379 7420.8189662388395
1406640402 7752.566619318182
1406640434 8231.5
1406640456 8229.023856026786
1406640498 7726.546672077922
1406640511 7800.820837865902
1406640555 7619.495861970925
1406640577 7800.6500634765625
1406640621 7571.283442382813
1406640655 7812.5457798549105
1406640677 8350.773486328126
1406640732 8672.159158761162
1406640796 9302.693063836348
1406640808 8620.927617612091
1406640819 7921.2000732421875
1406640852 7436.631509502282
1406640908 6518.200008616728
1406640920 6845.173913043478
1406640931 7787.73828125
1406640984 11017.718253968254
1406640994 10518.511888153698
1406641033 8128.435292769452
1406641043 8722.731885772391
1406641108 12873.656501691366
1406641130 14414.809810809234
1406641152 8941.286125524719
1406641175 9238.696158395687
1406641223 8905.759270318122
1406641279 7481.78237410072
1406641314 8708.03125
1406641335 9871.495967741936
1406641345 9689.514880952382
1406641419 8458.45
1406641425 8823.75
1406641467 12985.087628865978
1406641522 13422.583333333334
1406641527 12966.014705882353
1406641624 7883.67958577474
1406641635 7885.585665457589
1406641694 7636.914822823661
1406641705 7311.514574133831
1406641717 7086.184929865057
1406641760 7559.184929865057
1406641772 7689.2553432802615
1406641828 9058.918787702729
1406641839 8987.405172413793
1406641874 8660.853448275862
1406641886 8443.489130434784
1406641943 7596.841346153846
1406641964 7418.8671875
1406642007 7577.462389380531
1406642054 7754.542322749585
1406642077 7881.711823381696
1406642124 7745.402092532835
1406642146 7756.98631719333
1406642178 7837.799866633629
1406642191 7840.28349609375
1406642235 7056.175
1406642268 6769.02
1406642298 6695.22
1406642310 6689.409090909091
1406642353 7016.958333333334
1406642364 7047.998876953125
1406642428 7667.577369600183
1406642449 7969.865070134943
1406642483 7993.9253572162825
1406642506 8011.7974660773025
1406642540 8041.5
1406642574 8161.63619402985
1406642607 8103.010869565218
1406642620 8010.521186440678
1406642662 8826.012711864407
1406642666 8889.741803278688
1406642723 11075.632435191761
1406642732 11189.929661800987
1406642799 8735.807135881696
1406642802 8796.831632653062
1406642848 12369.266129032258
1406642864 12530.426190476192
1406642913 11005.809523809523
1406642953 9899.375
1406642965 12508.1875
1406642977 12006.632075471698
1406643018 12235.173387096775
1406643039 13106.292338709678
1406643080 11303.689102564102
1406643117 9298.027173913044
1406643141 8554.03804347826
1406643172 8083.590579710145
1406643197 9489.80072463768
1406643210 9236.295918367347
1406643260 8915.773890904018
1406643295 9153.379665798611
1406643323 9746.047297297297
1406643332 9771.448051948053
1406643393 11356.484685724432
1406643400 11227.00412535056
1406643435 9151.192232572115
1406643471 8585.2
1406643495 8926
1406643531 9017.593000545057
1406643620 7806.32291855923
1406643624 7804.152529061559
1406643703 8297.929244353993
1406643743 8290.51923076923
1406643755 8641.05
1406643803 9985.507142857143
1406643825 10318.571428571428
1406643894 12807.677835051547
1406643922 13342.621794871795
1406643933 13496.277777777777
1406643978 13438.00505050505
1406644021 14595.09765625
1406644042 14226.15243902439
1406644144 8018.921052631578
1406644156 7832.0833740234375
1406644168 8132.992835003397
1406644225 9804.319749401462
1406644230 9870.390878530648
1406644277 8554.403863611355
1406644301 7956.638997395833
1406644337 9343.763753255207
1406644349 9123.64990234375
1406644397 8108.242032679116
1406644431 8492.759586382515
1406644476 10062.408163265307
1406644480 10106.605263157895
1406644539 9580.532894736842
1406644552 9586.795940530712
1406644597 9927.457320232781
1406644601 9831.73677810968
1406644648 8071.041600720636
1406644659 7928.133261544364
1406644704 7865.659071978401
1406644761 7904.779671805245
1406644840 8641.751429966518
1406644844 8642.644736842105
1406644912 8911.855263157895
1406644916 8820.096153846154
1406644973 7635.153846153846
1406644977 7511.1612903225805
1406644998 8429.133064516129
1406645035 7384.669491525424
1406645057 8220.573529411766
1406645069 11875.779850746268
1406645124 34800.26351351351
1406645143 33238.9
1406645179 18650.67142857143
1406645213 12636.777027027027
1406645240 9798.908783783783
1406645253 9488.385714285714
1406645305 8536.178571428572
1406645310 8559.201086956522
1406645420 9255.786434977577
1406645504 8014.621076233184
1406645533 8965.814814814814
1406645578 11185.148148148148
1406645585 11164.063198747306
1406645607 9011.544363064237
1406645630 8309.384151882596
1406645679 11064.393776633522
1406645707 10689.833237591913
1406645724 8490.79161161535
1406645747 8331.085510253906
1406645772 9139.436306423611
1406645783 9171.865413014482
1406645842 11355.956126143294
1406645854 11198.46052631579
1406645914 8964.513157894737
1406645918 9027.576923076922
1406645953 10497.384615384615
1406646009 10410.444444444445
1406646016 10126.333333333332
1406646051 9543.833333333332
1406646085 10843
1406646094 10890.727272727272
1406646139 10525.863636363636
1406646195 9857.944444444445
1406646202 9927.777777777777
1406646258 10703.855072463768
1406646271 10484.923842700558
1406646325 10405.291930671752
1406646398 11555.104542012117
1406646423 10810.131147540984
1406646450 10677.282786885246
1406646459 10420.48828125
1406646514 11216.290322580644
1406646521 11170.359589041096
1406646566 11262.421232876713
1406646587 10161.6125
1406646621 10508.104166666668
1406646626 10377.767045454544
1406646683 12138.344859730114
1406646709 11921.884934303976
1406646738 10385.953125
1406646741 10285.476923076923
1406646803 9735.698979591838
1406646839 8653.668032786885
1406646864 8573.571428571428
1406646874 8828.4213836478
1406646922 9618.210529063483
1406647023 10706.533257092928
1406647038 10355.033269942434
1406647112 9784.961038961039
1406647115 9744.330645161292
1406647158 9004.65322580645
1406647174 9049.92054263566
1406647253 9703.887596899225
1406647280 12015.966891503149
1406647287 11915.801395376933
1406647350 12170.76541861308
1406647377 10484.719438032671
1406647394 10225.977054816633
1406647453 11474.105371900827
1406647498 13643.387931034482
1406647540 14269.33695652174
1406647544 14246.796666666667
1406647615 13661.452380952382
1406647649 13799.012195121952
1406647656 13571.28125
1406647705 8464.92822265625
1406647713 7930.661958451705
1406647760 7207.251100401947
1406647782 7709.221182987608
1406647849 11546.478448275862
1406647876 11935.34677419355
1406647887 10314.164141255042
1406647942 9094.553781817036
1406647949 9155.608173076922
1406647994 9558.69575471698
1406648055 7562.678082191781
1406648067 7431.108695652174
1406648078 7618.50625
1406648124 8066.12724609375
1406648147 8203.888997395832
1406648182 9152.995195029438
1406648193 9083.15890938895
1406648238 8622.697199641047
1406648267 8825.795615748355
1406648302 8990.988718133223
1406648314 9129.454304555828
1406648360 9268.708907566714
1406648391 9260.209245067532
1406648467 7673.522746457892
1406648478 8422.416748046875
1406648489 9133.509648862091
1406648547 8084.641325577446
1406648581 7878.514965455924
1406648614 8375.07894736842
1406648619 8420.551282051281
1406648653 8276.880434782608
1406648665 8317.76923076923
1406648720 8908.649038461539
1406648731 9037
1406648777 8483.512931034482
1406648789 8241.131097560976
1406648847 10148.243902439024
1406648859 9624.66489361702
1406648894 8318.618673121677
1406648906 8488.929465553978
1406648971 9916.7865265877
1406648999 10150.828470369665
1406649012 10161.845860368114
1406649058 10152.804458618164
1406649083 8791.93726348877
1406649302 10042.540634155273
1406649320 7797.316253662109
1406649332 7887.928571428572
1406649378 10325.404924665178
1406649390 10591.04473619058
1406649437 11670.95526380942
1406649449 12023.219953930104
1406649498 13201.02170428793
1406649568 14084.036971463502
1406649624 12671.033247853054
1406649629 12585.849653101679
1406649679 11737.511223180969
1406649691 11891.348425196851
1406649764 16187.072503998523
1406649806 15856.251390360168
1406649823 15057.943289620536
1406649862 14951.412340666118
1406649880 15235.722384982639
1406649924 22387.95061728395
1406649943 20908.33203125
1406649975 17997.95703125
1406649988 17007.102459016394
1406650036 15521.533582089553
1406650055 14552.850628030712
1406650094 14315.782025505516
1406650123 14732.861889648437
1406650154 14542.41304347826
1406650215 11954.39755364913
1406650233 11113.598322088068
1406650259 10857.151150173611
1406650287 10518.787735849057
1406650312 9681.759433962263
1406650340 9316.26818181818
1406650367 10479.74992290296
1406650397 11899.14727313702
1406650432 10949.451293945312
1406650481 9992.25
1406650509 10394.155405405405
1406650518 10053.375
1406650563 8129.133587786259
1406650649 8103.630434782609
1406650655 8109.08552631579
1406650703 7191.769736842105
1406650725 7425.604166666666
1406650759 8536.583333333332
1406650799 9122.138888888889
1406650820 9254.274305555555
1406650831 9164.147196261682
1406650879 8524.44859813084
1406650927 8095.661016949152
1406650938 9009.89990234375
1406650997 8765.419984654018
1406651008 9129.627659574468
1406651087 13723.18085106383
1406651091 13636.404761904761
1406651129 9772.442028985508
1406651160 8327.418300653595
1406651214 6755.138888888889
1406651237 7990.316176470588
1406651282 7439.7817164179105
1406651304 7315.816358024691
1406651353 6985.79938271605
1406651363 7206.962643678161
1406651417 8673.91091954023
1406651440 9193.15811965812
1406651487 7989.57905982906
1406651534 7566.637931034483
1406651545 7298.944417317709
1406651567 7328.184129146108
1406651602 7626.628603727921
1406651613 7546.270817347935
1406651658 8337.701040414664
1406651712 10199.834134615385
1406651717 10272.641221374046
1406651843 8018.037161319814
1406651858 7772.731236049107
1406651892 7689.955555555556
1406651903 7894.592026440065
1406651959 10762.762613932293
1406651969 11106.625
1406652029 9321.460365853658
1406652051 8156.19833489913
1406652087 7029.704701097706
1406652108 6705.574642783717
1406652140 9459.600714432567
1406652163 8927.070111191064
1406652197 7951.289389556308
1406652269 6911.238106863839
1406652281 6600.21186440678
1406652316 7346.704883640095
1406652328 7322.4461167279405
1406652384 8411.798856847427
1406652436 9049.50525210084
1406652447 9189.174202127659
1406652527 8181.092560463763
1406652530 8218.920064290365
1406652563 8257.275
1406652575 7907.4276315789475
1406652620 6809.34375
1406652631 6873.058823529412
1406652675 7245.919117647059
1406652722 8157.831845238095
1406652755 8249.184523809523
1406652759 8274.724489795917
1406652804 8375.79430379747
1406652838 8951.8166015625
1406652866 8913.621449908089
1406652889 9081.56650390625
1406652924 7069.15
1406652946 7000.721698113208
1406652977 7155.486111111111
1406653000 7367.706043956045
1406653035 7567.135449755323
1406653068 7796.527035522461
1406653111 7228.991662597657
1406653115 7273.6
1406653161 8019.560007195723
1406653172 8121.958052394701
1406653272 8746.53043478261
1406653276 8723.590909090908
1406653288 8871.113636363636
1406653337 7020.019020774148
1406653360 6917.196302844632
1406653404 7850.69192406439
1406653461 8631.723521513097
1406653472 8595.816964285714
1406653517 7700.839285714286
1406653528 7702.917910447761
1406653573 7957.332089552239
1406653584 8112.428571428572
1406653643 8456.33349609375
1406653678 8285.122233072916
1406653703 8006.8125237029735
1406653759 8204.336795547633
1406653781 8013.744870303723
1406653826 7126.488283993153
1406653848 7046.031365160672
1406653879 8064.362321720567
1406653891 8271.504304584705
1406653936 7349.779680524553
1406653947 7276.24993460519
1406653992 6676.644736842105
1406654004 6469.153225806452
1406654054 7047.183098591549
1406654075 7322.0068026455965
1406654120 7039.056294455457
1406654174 6969.70895522388
1406654209 7180.8125
1406654244 10261.939497514204
1406654264 11552.295760244693
1406654297 8216.583374023438
1406654308 7202.924107142857
1406654353 7200.848279680525
1406654364 7279.702839596171
1406654495 7819.342073662337
1406654536 7283.334134615385
1406654547 7225.14705882353
1406654593 7851.35294117647
1406654604 7895.01282051282
1406654660 7259.86217948718
1406654671 7316.038254310344
1406654715 7587.02452350485
1406654782 7874.267359240302
1406654836 10601.587166621768
1406654892 10772.136378432766
1406654902 10686.592741935485
1406654923 10497.969230769231
1406654957 10000.288461538461
1406654967 9774.550505050505
1406655024 7161.338383838383
1406655056 6527.4104477611945
1406655079 6209.4085820895525
1406655091 6191.594230769231
1406655144 6066.850409836065
1406655202 5720.40368852459
1406655213 5682.354166666666
1406655256 5698.170454545454
1406655268 6404.128731343284
1406655323 10254.438629818658
1406655375 13616.631796732436
1406655405 11437.196059283087
1406655443 7784.254706488715
1406655477 7485.287878787879
1406655545 8361.863636363636
1406655572 8919.386363636364
1406655575 8912.060000000001
1406655623 8612.02
1406655647 8240.426829268294
1406655681 6978.656422684832
1406655705 6705.423859969429
1406655738 7343.329695991848
1406655750 7229.129327182112
1406655796 6967.382849741791
1406655809 6947.017304519128
1406655854 6556.444029850746
1406655876 6951.852564102564
1406655920 10020.057692307691
1406655932 10173.685483870968
1406656013 8265.58510638298
1406656026 7825.554347826087
1406656049 6992.304347826087
1406656059 6754.977272727272
1406656093 6982.847826086956
1406656105 7318.272727272728
1406656181 8747.948275862069
1406656192 8434.1875
1406656223 6771.875
1406656245 6263.5546875
1406656277 6869.346435546875
1406656287 6930.098712531888
1406656342 6573.474517199458
1406656375 6722.723118239182
1406656407 6826.9225620003635
1406656418 6896.864558995327
1406656462 7755.255900445385
1406656514 8097.713726723031
1406656523 6989.55070098459
1406656535 7000.666666666666
1406656625 7291.666666666666
1406656640 7177.357142857143
1406656660 7027.692961040297
1406656694 7012.920994808799
1406656716 7022.895751953125
1406656760 6657.6875
1406656770 6701.409090909091
1406656825 7548.763338955966
1406656848 7732.3214765276225
1406656892 7122.726174490792
1406656937 7492.344615589489
1406656980 7566.649968610491
1406657007 7216.25
1406657052 6759.816176470588
1406657064 7286.058823529412
1406657075 7241.148148148148
1406657120 7272.506383825232
1406657177 7558.6204517505785
1406657199 7676.533447265625
1406657232 8446.08349609375
1406657265 8876.414678955078
1406657300 8622.925024414062
1406657312 8527.329787234043
1406657368 9303.702127659573
1406657394 8666.908163265307
1406657417 8101.9178571428565
1406657429 7914.683823529412
1406657485 7029.943181818182
1406657506 7034.73650958087
1406657538 7363.59698651288
1406657559 7629.617184756848
1406657604 9243.486912416607
1406657627 8972.383928571428
1406657660 8076.833333333334
1406657672 7846.078947368421
1406657717 7626.741442450162
1406657730 7764.101123046875
1406657786 8183.959375
1406657797 8224.389285714286
1406657844 7663.007142857143
1406657856 7686.882352941177
1406657901 7330.670424517463
1406657912 7370.451035443474
1406657958 7912.048964556526
1406657969 8051.453733880836
1406658037 10064.72891566265
1406658041 10095.51818181818
1406658087 9527.227272727272
1406658092 9429.533333333333
1406658139 8512.746666666666
1406658162 7931.294871794872
1406658195 7771.417899889824
1406658217 7704.795518663194
1406658260 9364.52776421441
1406658285 9520.985806739936
1406658319 9597.407883216594
1406658343 9733.635931521047
1406658376 10404.65639449139
1406658417 10808.625
1406658433 11126.309210526317
1406658455 10759.690789473683
1406658497 6913.861842105263
1406658509 6564.6776315789475
1406658562 6768.868421052632
1406658573 6886.326388888889
1406658616 8269.99074074074
1406658627 8424.611486486487
1406658680 7059.398648648648
1406658690 6974.442307692308
1406658734 6861.1884615384615
1406658745 6771.927419354839
1406658796 6107.928571428572
1406658808 6149.411764705883
1406658860 7373.112663717831
1406658881 7452.092053865132
1406658917 7230.61962890625
1406658927 7336.718055138221
1406658982 8715.878380408654
1406658992 8988.06326941288
1406659036 10204.049272017046
1406659048 10095.474244986008
1406659103 8059.295695852727
1406659158 6826.316489361702
1406659189 6302.916627854567
1406659223 6311.888741629464
1406659231 6360.042858492943
1406659285 7187.606464092548
1406659296 7336.318533761161
1406659341 7352.39696301912
1406659372 7262.610015293338
1406659394 6766.944417317709
1406659405 6512.1171875
1406659458 6616.046875
1406659469 6651.518527560764
1406659524 6506.194417317709
1406659557 6523.905609706662
1406659577 6666.365510017641
1406659588 6707.403386191716
1406659640 6644.805636935764
1406659705 6731.753787478885
1406659751 6971.007462686567
1406659761 7330.646684788946
1406659772 7308.642787388393
1406659816 7157.880929129464
1406659838 7022.576923076923
1406659881 7761.867088607595
1406659917 8433.382352941177
1406659962 7623.485294117647
1406659966 7661.239361702128
1406660009 8383.014830508475
1406660025 8650.465
1406660059 9170.6884057971
1406660094 9174.342763121698
1406660118 8379.0585903114
1406660130 8299.092529296875
1406660210 10440.570963541668
1406660226 9628.107142857143
1406660238 8827.195652173912
1406660249 8637.920115849744
1406660307 8845.476181239297
1406660311 8830.769770603554
1406660358 8741.137378961268
1406660382 8829.969263980263
1406660472 10130.111759380703
1406660519 10286.930724158654
1406660537 10017.218181818182
1406660574 9891.548387096775
1406660599 9334.005434782608
1406660620 8920.290909090909
1406660654 9875.460317460318
1406660683 10402.563953488372
1406660740 9135.8984375
1406660747 8891.698113207547
1406660781 8365.66037735849
1406660793 8589.08620689655
1406660839 11243.77
1406660843 11220.60270939317
1406660903 8973.643350290698
1406660925 8091.146027938179
1406660960 8113.003555961277
1406660972 7946.3761090959815
1406661019 8662.898214285715
1406661030 8448.033088235294
1406661087 7589.679035243704
1406661097 7607.890269496985
1406661144 7440.142969955633
1406661178 7157.2226781133395
1406661200 7030.852058069029
1406661211 6982.333414713541
1406661255 7474.333333333334
1406661266 7418.609550561798
1406661322 7385.5308988764045
1406661344 7407.8886953125
1406661378 8312.639308593749
1406661435 9404.62148046875
1406661447 9491.40061018771
1406661527 12429.681208053691
1406661557 11787.01549719484
1406661584 11289.619375552771
1406661618 10714.495213922464
1406661663 9742.565453701332
1406661679 9533.26650390625
1406661703 9259.45166015625
1406661736 9324.304347826088
1406661749 9094.925
1406661806 7557.025316455696
1406661828 7510.36669921875
1406661861 8420.416748046875
1406661894 9463.140326248973
1406661927 9078.61390445107
1406661937 9435.950907575974
1406661985 11047.849443628154
1406662036 13989.409505208332
1406662048 13543.999915081522
1406662059 12030.76025390625
1406662092 8370.354125976562
1406662103 7937.358417217548
1406662158 8194.442251352164
1406662170 8327.25466657366
1406662228 8661.219589085254
1406662273 8138.9473684210525
1406662285 8090.6509433962265
1406662362 9169.452830188678
1406662379 9382.461038961039
1406662403 9790.043127282874
1406662439 10569.019502527573
1406662476 13057.243580537684
1406662505 12624.20191192627
1406662533 11678.540382385254
1406662540 11644.041666666668
1406662580 12668.958333333332
1406662629 14637.857905982906
1406662657 12943.276709401709
1406662697 13616.923780487805
1406662739 12334.291666666668
1406662760 11541.025862068966
1406662797 11020.675596294981
1406662826 9740.538041548296
1406662841 8915.759645555841
1406662876 9840.753994300718
1406662887 9513.754532075265
1406662947 8627.476921357305
1406662970 8454.666748046875
1406663005 8159.409338909647
1406663016 8223.933690780248
1406663061 8564.174122345754
1406663083 8763.219512195123
1406663120 9042.321646341463
1406663143 9236.5875
1406663178 10040.4
1406663200 10655.072826086956
1406663237 10398.928260869565
1406663293 12978.138997395832
1406663321 13221.265849034928
1406663357 10638.738235294117
1406663378 10085.421621621623
1406663423 9468.610810810811
1406663539 8351.779054054054
1406663542 8317.879518072288
1406663600 7774.633615516755
1406663622 7878.742591971782
1406663667 8869.111263736264
1406663713 9132.125
1406663736 10001.172222222223
1406663803 13687.6213592233
1406663833 12890.186893203883
1406663839 12717.667721518988
1406663912 9921.15243902439
1406663921 9781.052631578947
1406663966 9219.690789473683
1406663969 9165.91
1406664029 9424.36
1406664041 9360.6875
1406664077 9548.895161290322
1406664134 10433.922268907563
1406664141 9728.890013622637
1406664196 9717.555157001203
1406664219 9317.833333333332
1406664265 8456.184210526317
1406664276 8301.424731182797
1406664354 8363.868279569891
1406664358 8338.6474609375
1406664380 9112.239051649305
1406664403 10559.213343003217
1406664448 10987.154411764706
1406664471 10002.725352112677
1406664502 9953.74647887324
1406664519 9647.280303030304
1406664568 9995.954545454544
1406664596 10319.28787878788
1406664630 12319.030303030304
1406664634 12223.7466796875
1406664680 9632.500162760418
1406664703 9926.630874399038
1406664745 12336.285714285714
1406664752 12286.926470588234
1406664830 8561.132978723404
1406664846 8455.008064516129
1406664857 8454.935483870968
1406664892 8982.380841121496
1406664960 9523.285046728972
1406664964 9579.861111111111
1406664975 9631.437662760418
1406665032 10330.194679260254
1406665039 10315.490384615385
1406665058 10158.898305084746
1406665098 10084.606741573034
1406665147 9966.984375
1406665159 9663.46337890625
1406665194 9876.493601673053
1406665231 13440.275105026532
1406665265 13145.642857142857
1406665284 11475.137067522322
1406665329 10123.365636025705
1406665346 9902.753164556962
1406665408 10909.18115942029
1406665415 11046.158759936952
1406665460 10176.87578810307
1406665522 10070.096823036125
1406665569 9795.347821302817
1406665590 11525.230977662852
1406665593 11573.43409090909
1406665653 13593.49090909091
1406665700 14814.668154761905
1406665737 14703.7398989899
1406665762 13780.5101010101
1406665799 12573.625
1406665836 10026.914772727272
1406665843 9624.083338512075
1406665889 8800.66670587713
1406665946 8096.427617612092
1406665958 8252.666740866269
1406666052 11663.750017951515
1406666059 12763.874851002412
1406666082 13015.073208007812
1406666156 13236.859995117187
1406666159 13144.922727272728
1406666204 8974.763636363637
1406666211 9739.964285714286
1406666239 15088.071428571428
1406666253 17147.548245614034
1406666296 15276.164266942962
1406666363 9318.966729388972
1406666376 8533.176606276938
1406666421 8715.240892682756
1406666432 8934.111476353237
1406666477 9625.7921686747
1406666515 8809.15661821209
1406666538 7948.667513386587
1406666592 7850.921348314607
1406666604 8037.2405063291135
1406666671 10506.819587628866
1406666701 9794.142857142857
1406666713 9525.534246575342
1406666774 9949.588958740234
1406666777 9116.560546875
1406666801 8945.799853515626
1406666837 9762.978541597407
1406666848 10063.559662224265
1406666902 11485.671530330881
1406666922 10644.201612903225
1406666964 7012.191176470588
1406666973 6618.196165114183
1406667018 7257.343738731972
1406667029 7269.007612086054
1406667085 7656.027376545009
1406667096 7605.235009765625
1406667140 7075.425048828125
1406667162 6967.130373836902
1406667207 8577.419674991223
1406667229 8084.65
1406667262 7373.250061035156
1406667273 7361.020680631145
1406667318 7904.188202247191
1406667351 7648.9924972306435
1406667385 7904.191947605299
1406667397 8117.6446725945725
1406667442 8060.701492537313
1406667464 8314.75
1406667497 8917.375
1406667508 9103.555309734515
1406667610 8269.721428571429
1406667614 8322.592857142858
1406667648 7687.224137931034
1406667672 7694.681818181818
1406667692 7790.975806451613
1406667734 6849.265909090909
1406667747 6611.282196969697
1406667800 6703.199324324324
1406667821 7059.75
1406667854 7658.84375
1406667865 7851.799342105263
1406667919 10240.200657894737
1406667930 11040.267688679245
1406667988 18273.27004716981
1406668025 18815.770161290322
1406668050 13677.703125
1406668073 9143.261111111111
1406668095 9331.513846261161
1406668157 13550.063784555288
1406668160 13454.049881165287
1406668217 8530.378970961972
1406668240 7094.35
1406668282 7299.128378378378
1406668314 7266.485849056604
1406668335 6347.15234375
1406668346 5991.857876712329
1406668397 5949.683871334546
1406668408 6133.345482610887
1406668459 7356.583282470703
1406668522 8707.353009392235
1406668544 8466.166748046875
1406668588 8121.290138527199
1406668598 8162.888157894737
1406668642 7281.296052631579
1406668664 7353.470930232558
1406668697 7970.60237440952
1406668728 7894.515697877799
1406668764 6904.916666666666
1406668782 6798.422131147541
1406668812 7336.459016393443
1406668825 7509.666666666666
1406668878 7608.9807692307695
1406668890 7524.244845360825
1406668944 6613.554901437661
1406668975 6371.1590887331495
1406668995 6646.574951171875
1406669015 7171.16337771532
1406669057 8773.036573456555
1406669077 9310.25
1406669117 10153.65
1406669127 10219.579918032787
1406669178 10286.778688524591
1406669188 10104.108407079646
1406669241 7377.30806225802
1406669291 5747.105548796107
1406669302 5770.674641927084
1406669312 5918.870042703919
1406669361 5916.531929524739
1406669372 6034.934931506849
1406669423 7355.565068493151
1406669434 7623.722222222223
1406669478 8532.736111111111
1406669522 9409.395961216518
1406669534 9089.104924665178
1406669557 7954.057292881296
1406669601 7095.96838708826
1406669631 7164.448149809967
1406669664 7738.091285499367
1406669675 7807.592291666667
1406669716 7493.576136067708
1406669739 7481.219999999999
1406669780 7103.335
1406669791 7131.4626168224295
1406669833 7303.829069618867
1406669887 7068.51802734375
1406669898 6615.3716796875
1406669908 6509.903225806452
1406669960 6342.946721311475
1406669969 6505.357142857143
1406670023 7891.890449438202
1406670058 8116.395522388059
1406670080 7945.5298507462685
1406670090 8297.392857142857
1406670136 10697.054545454546
1406670195 12758.113636363636
1406670200 13211.974576271186
1406670254 17176.8598828125
1406670275 15970.629661800987
1406670349 12261.373291015625
1406670375 13553.771428571428
1406670384 15349.113636363636
1406670419 22823.6875
1406670440 20221.483333333334
1406670464 15453.78488372093
1406670509 14663.683786791424
1406670599 13555.231104651162
1406670724 11858.912790697676
1406670784 10076.763157894737
1406670800 9635.452287946428
1406670812 9694.16650390625
1406670860 12674.125
1406670884 13340.494565217392
1406670917 14613.315217391304
1406670929 14391.641304347826
1406670982 8836.419614045517
1406671035 7375.547777258831
1406671055 7081.970748901367
1406671099 7904.388726128473
1406671109 7844.867151331018
1406671153 6853.048245614035
1406671166 7063.3984375
1406671217 8656.626213592233
1406671269 7919.111111111111
1406671280 7674.3125
1406671291 7582.291666666666
1406671334 7896.197265625
1406671355 8285.985576923078
1406671401 8857.834935897436
1406671412 9062.731481481482
1406671465 9617.449074074073
1406671509 11553.823529411766
1406671521 10909.703268612133
1406671533 11293.387960379463
1406671580 10629.526164899555
1406671591 10548.155797101448
1406671637 9506.155634341034
1406671649 9376.150705844542
1406671694 8659.653963113133
1406671716 8678.5
1406671760 8897.66650390625
1406671771 9079.993910435267
1406671818 9531.767829241071
1406671830 9745.320652173912
1406671887 9777.572329313858
1406671899 9581.078818873355
1406671944 8806.107273646763
1406671955 8791.248212139424
1406671998 8448.460283954326
1406672009 8634.177238805969
1406672053 9250.761194029852
1406672065 9318.03894835633
1406672120 8010.1341283228485
1406672130 7955.63953626478
1406672173 7880.548306851773
1406672194 7885.49650390625
1406672248 7977.176020784198
1406672300 8741.984126984127
1406672311 8773.732142857143
1406672365 8833.871753246753
1406672377 8553.252290482955
1406672420 7444.058257480838
1406672430 7314.25004695012
1406672472 7340.1168834758255
1406672483 7296.851457331731
1406672537 6684.034615384615
1406672548 6567.2
1406672592 6376.7333984375
1406672603 6573.833414713541
1406672664 7806.333251953125
1406672685 8936.106869103773
1406672717 9260.333333333334
1406672727 8854.933349609375
1406672777 9062.457240513393
1406672797 9436.898681640625
1406672837 10417.745849609375
1406672849 10001.143911000845
1406672900 6196.599282754434
1406672911 5923.404869204662
1406672961 6565.1915179753705
1406672970 6531.051229508197
1406673012 6122.79021916624
1406673022 6101.795814997033
1406673081 6277.537436956092
1406673091 6278.932692307692
1406673142 6012.326923076923
1406673172 5844.2
1406673192 5759.065206776495
1406673253 5509.464087444803
1406673264 5502.151340060764
1406673325 5458.478866362236
1406673335 5489.466650390625
1406673375 6302.6109619140625
1406673383 6362.724425268954
1406673436 5302.897888183594
1406673467 5013.72177596831
1406673497 5759.242943992078
1406673507 5895.958333333334
1406673557 6738.065573770492
1406673568 6700.4514563106795
1406673622 5978.849514563107
1406673660 5451
1406673681 5669.891129032258
1406673691 5919.631329113924
1406673741 6339.937877027294
1406673760 6456.381289724576
1406673800 5633.617647058823
1406673811 5474.717741935484
1406673862 5759.090095895235
1406673872 5817.0202438230435
1406673913 6020.4369104897105
1406673974 6444.1943577712145
1406673985 6396.532844543457
1406674038 6192.399951171875
1406674070 6443.066642640129
1406674101 6382.690476190476
1406674112 6335.959876543209
1406674162 6587.0956790123455
1406674182 6890.571917808219
1406674224 8510.714449111729
1406674235 8613.256076388889
1406674278 8920.79052734375
1406674299 9362.427185058594
1406674334 9472.904891304348
1406674345 9386.75
1406674400 9891.91826923077
1406674423 9650.089048188307
1406674458 8660.958251953125
1406674479 8625.749918619791
1406674512 9028.524742126465
1406674543 9317.881432735558
1406674578 9040.371968283582
1406674610 8572.257692307692
1406674643 8529.7265625
1406674674 8646.949495014393
1406674708 9267.06345728824
1406674719 9174.98834298671
1406674764 8684.683908045976
1406674795 8245.356164383562
1406674837 8711.528237396815
1406674874 10729.451922722583
1406674901 10569.20174612126
1406674945 8782.16669546274
1406674966 8760.737470518867
1406674998 9238.940476190477
1406675008 9281.006578947368
1406675063 11101.917763157895
1406675074 10881.080357142857
1406675119 7946.289473684211
1406675131 7548.015655517578
1406675183 8059.95849609375
1406675195 7928.556675502232
1406675239 7275.932692307692
1406675273 7772.63619402985
1406675295 7398.128731343284
1406675306 7616.84335443038
1406675364 7600.225657016416
1406675374 7600.345287834246
1406675418 7104.598343367429
1406675461 6877.388313293457
1406675482 7230.0522858375725
1406675504 7335.407326027199
1406675536 6830.56600549086
1406675557 6916.083333333334
1406675599 8589.879032258064
1406675619 9025.27380952381
1406675661 6847.57390718006
1406675704 6704.650047665551
1406675724 6543.0250244140625
1406675745 6631.09375
1406675776 5923.268292682927
1406675786 5723.508196721312
1406675837 6390.316029866537
1406675858 6553.46513514365
1406675900 5375.895161290322
1406675930 5399.3499755859375
1406675960 5286.142258864183
1406675969 5244.139965820313
1406676020 5517.300048828125
1406676071 5675.1162109375
1406676081 6123.43310546875
1406676091 6092.333343505859
1406676141 5789.666809082031
1406676161 6017.284952284414
1406676201 7501.896116618869
1406676220 8321.2546875
1406676261 11218.71875
1406676281 11634.333333333332
1406676312 10716.5875
1406676321 10663.6234375
1406676381 10286.5296875
1406676392 10299.671703296703
1406676442 10254.361263736264
1406676472 9603.449074074073
1406676501 8372.32891468943
1406676523 7489.911227318548
1406676563 6623.35
1406676573 6514.071428571428
1406676612 5762.241748046875
1406676633 5552.084752817623
1406676673 6207.75
1406676693 6618.651402915397
1406676745 5461.6950504954275
1406676755 5567.3702889901615
1406676795 6184.585087528935
1406676826 6586.137247054303
1406676856 6341.25
1406676866 6088.255952380952
1406676919 5242.099397590362
1406676949 5131.806962025316
1406676979 5486.263826394383
1406676998 5453.429964192708
1406677039 5409.578119634272
1406677089 5281.861405806108
1406677099 5432.546919389204
1406677127 5601.683573060116
1406677158 5909.395833333334
1406677169 5860.106648763021
1406677218 5695.03271484375
1406677249 5709.682329021516
1406677279 5606.609693877551
1406677298 5659.467319150514
1406677338 6190.18368646163
1406677358 6196.767263752141
1406677400 6594.636427787886
1406677411 6473.20792079208
1406677461 6195.325644918008
1406677501 5865.774963378906
1406677525 6043.564579133064
1406677532 6274.291748046875
1406677583 7250.416748046875
1406677591 7580.279311822385
1406677632 7636.0625885345125
1406677682 6626.078457302518
1406677704 6553.99537037037
1406677736 6252.240384615385
1406677756 5906.2083740234375
1406677776 5679.668291256752
1406677826 5333.776153187693
1406677837 5262.540785845588
1406677877 5522.7900390625
1406677887 5593.949631911058
1406677935 5334.74258188101
1406677955 5336.837522694763
1406678006 5475.96547792016
1406678037 5595.892156862745
1406678057 5860.666666666666
1406678097 6180.444444444444
1406678118 5769.819525824652
1406678129 5645.450760904948
1406678178 5384.9
1406678199 5573.1875
1406678238 5570.922537667411
1406678248 5738.127726236979
1406678298 6968.766764322916
1406678338 7929.32539475132
1406678359 7967.818675726232
1406678369 8042.427469135802
1406678420 8141.020061728395
1406678440 7967.420081967213
1406678481 7489.068627450981
1406678491 7287.56534352022
1406678532 6193.595506855086
1406678542 6071.052830385358
1406678603 6847.30475882198
1406678621 6619.201612903225
1406678654 6484.675403225807
1406678665 6281.935185185185
1406678725 5583.657488787616
1406678735 5589.02002296985
1406678775 5798.808122661752
1406678796 6125.32544345543
1406678836 6390.72509765625
1406678876 5797.824130699282
1406678897 5478.807373046875
1406678908 5483.514473620757
1406678957 6495.654342086227
1406678978 6459.36028801905
1406679020 6829.580864057149
1406679030 6711.395663902407
1406679081 6471.193983734631
1406679091 6438.020843505859
1406679140 5948.50617980957
1406679161 5743.809800698724
1406679200 6067.978092677156
1406679211 6021.187149918043
1406687722 7157.059116222306
1406687781 5526.246992437609
1406687801 5670.830508474576
1406687840 5737.930961914062
1406687851 5676.344380696615
1406687900 6002.303243001303
1406687911 6344.672155761718
1406687960 8091.721153846154
1406688013 8723.18096454327
1406688041 8372.4228515625
1406688081 6397.705217633928
1406688090 6119.766949152543
1406688140 5972.847222222223
1406688180 6891.430501302084
1406688200 7197.027664483762
1406688231 6543.1873779296875
1406688262 6192.563745615434
1406688280 6357.657608695652
1406688321 5979.440217391304
1406688331 5993.107540007561
1406688383 5766.979248046875
1406688411 5623.285749162947
1406688432 5500.9807692307695
1406688492 5532.51510989011
1406688502 5492.979166666666
1406688552 5685.427966101695
1406688561 5838.782258064516
1406688614 6690.407407407407
1406688642 6251.879310344828
1406688672 5474
1406688692 5350.427536231884
1406688741 5219.050724637681
1406688761 5148.860655737704
1406688802 5013.275
1406688811 4990.950012207031
1406688862 5577.895319475447
1406688881 5739.128383789062
1406688912 5413.33125
1406688921 5356.196202531646
1406688982 5730.853846296479
1406688991 5716.2444259129215
1406689042 5373.554229393434
1406689071 5369.872881355932
1406689101 5500.701219512195
1406689112 5452.743184074026
1406689162 5310.071568080357
1406689182 5545.5165295210045
1406689223 5806.2346390704715
1406689231 5775.0737582822385
1406689281 6074.993670886076
1406689302 5854.795314622962
1406689341 5635.558041779891
1406689350 5491.550222623146
1406689400 5104.675950792101
1406689422 5016.8290149319555
1406689462 4894.199951171875
1406689482 4849.2593063095865
1406689521 4891.300048828125
1406689541 5012.337073808834
1406689581 5538.74437572338
1406689602 5529.312188205949
1406689633 5725.781094102975
1406689664 5655.483333333334
1406689693 5881.5182926829275
1406689705 5863.315573770492
1406689754 5419.979410807291
1406689774 5557.496832200039
1406689824 5492.947530864198
1406689835 5643.914285714285
1406689874 5015.178571428572
1406689894 5230.5
1406689934 5571.0400390625
1406689944 5788.4317461178625
1406690004 7641.588629075039
1406690015 7870.629691851022
1406690065 7837.400197246287
1406690105 8202.416666666668
1406690125 8214.916666666666
1406690135 8249.3
1406690175 9281.669505635246
1406690196 9452.308961962091
1406690236 9023.894750478317
1406690245 8994.66488008721
1406690306 7683.79973466267
1406690365 8039.785958030007
1406690394 8380.68137254902
1406690416 8496.918884277344
1406690426 8302.203281732254
1406690486 6252.854856891397
1406690497 5947.988026646206
1406690536 5562.559500558036
1406690556 5481.552197802198
1406690607 5536.447802197802
1406690627 6664.35
1406690657 9170.125
1406690687 9719.728218410326
1406690726 8945.18427734375
1406690767 8628.024558145491
1406690787 8410.120689655172
1406690796 8069.533885891155
1406690846 5470.208251953125
1406690856 5198.249938964844
1406690896 5048.041687011719
1406690926 5146.744873046875
1406690966 5568.765625
1406690976 6052.024193548387
1406691028 7846.303695186492
1406691038 7162.033251953125
1406691078 4797.680709580243
1406691097 4875.574820255888
1406691147 4997.3472900390625
1406691157 5122.487772957224
1406691198 5641.428975089651
1406691208 5771.09375
1406691258 5051.8125
1406691278 5038
1406691318 5686.5
1406691329 5647.6180704752605
1406691378 5719.927114868164
1406691409 5752.520096842448
1406691438 5587.779965820313
1406691459 5630.905765721055
1406691499 5563.950646351959
1406691518 5353.1322652882545
1406691557 5385.636748046874
1406691568 5547.744893058401
1406691618 5654.086013149208
1406691639 5329.695697021484
1406691679 5441.770648193359
1406691698 5422.492911645922
1406691738 5960.516650390625
1406691748 5935.527791341146
1406691798 5128.8728937698625
1406691807 5029.968309859155
1406691858 5201.288732394366
1406691869 5239.719429524739
1406691918 6223.94342144465
1406691928 6304.5524636973505
1406691980 6053.3423647673235
1406692010 6185.71875
1406692039 8339.83037109375
1406692060 8133.371199697818
1406692092 7048.5715099516365
1406692102 6906.152283960459
1406692160 6517.251644212372
1406692190 6760.898469344429
1406692222 6804.767953181612
1406692229 7212.090515136719
1406692282 11686.5390625
1406692290 12479.271641618114
1406692332 14928.407110699152
1406692341 15618.574303668478
1406692401 18996.982619659808
1406692420 19791.81405101103
1406692452 19536.55673275354
1406692473 18259.86170212766
1406692527 13809.398936170213
1406692546 12729.244392903645
1406692576 12366.41114095052
1406692587 12014.237159812843
1406692637 10505.932745964972
1406692667 9840.3125
1406692697 8573.09756097561
1406692708 8045.107142857143
1406692757 7414.607142857143
1406692767 7441.388916015625
1406692817 9050.03431576588
1406692828 9057.3585749247
1406692879 6922.03166768637
1406692900 6434.4385526063015
1406692940 6334.283349609375
1406692950 6405.943475238348
1406692999 6789.638390492584
1406693009 6788.6944580078125
1406693059 5692.7130627241295
1406693070 5497.201307508681
1406693120 5435.131944444444
1406693131 5406.803125
1406693182 5202.35625
1406693200 5265.5948275862065
1406693240 5238.916666666666
1406693260 5257.7513928022545
1406693292 5852.45362128586
1406693301 5930.618671123798
1406693360 5769.775641025641
1406693370 5776.795454545454
1406693421 5319.252321555397
1406693470 5369.25673828125
1406693480 6085.833014787946
1406693491 6013.225149972099
1406693550 5205.436143931776
1406693592 5113.706201171875
1406693630 5353.505654074928
1406693660 5654.6022616299715
1406693680 5717.081967213115
1406693721 5461.781779661017
1406693739 5313.617529296875
1406693781 5159.10009765625
1406693809 5228.522793856534
1406693840 5385.419350363991
1406693869 5541.972716284579
1406693901 5708.120029296875
1406693919 5886.849951171875
1406693961 6118.803825827206
1406693970 6002.586224724265
1406694012 5478.937176307935
1406694059 5284.787349977355
1406694081 5296.205
1406694109 5327.182692307692
1406694139 4976.048076923077
1406694159 4882.588114754099
1406694200 5061.944444444444
1406694240 6527.27390095339
1406694259 7690.86377766927
1406694270 7993.754046330687
1406694320 9020.631958007812
1406694330 9267.833333333334
1406694380 8977.83349609375
1406694440 7616.621347161788
1406694459 6828.789285714285
1406694502 5833.057240513393
1406694510 5669.383135262182
1406694561 5428.158333333333
1406694600 5444.872881355932
1406694620 5623
1406694630 5594.596789944557
1406694682 5282.357240513393
1406694700 5331.4616135817305
1406694739 5218.0365647536055
1406694760 5168.860655737704
1406694800 5138.5
1406694820 5159.166666666666
1406694860 5358.166666666666
1406694880 5488
1406694920 5171.666666666666
1406694940 5120.971830985915
1406694979 5248.216803752201
1406694991 5369.976954725922
1406695040 5291.081907110699
1406695050 5203.851860894098
1406695100 4809.844319661459
1406695130 4753.199951171875
1406695160 4939.2692307692305
1406695169 5005.2375
1406695220 5115.618644067797
1406695228 5103.311100260416
1406695280 5582.2593082911535
1406695299 5816.416012137277
1406695340 4913.476178850447
1406695350 4919.854166666666
1406695400 4809.132716049383
1406695431 5076.490930175782
1406695460 5354.456989326862
1406695520 4952.642676767677
1406695530 5002.107142857143
1406695580 5295.517857142857
1406695590 5333.035714285714
1406695640 4888.964285714286
1406695650 4893.323770491803
1406695701 4894.3375
1406695710 4906.016304347826
1406695760 5640.023550724638
1406695770 5643.57702020202
1406695820 5340.712121212121
1406695859 5166.799180327869
1406695881 5205.326923076923
1406695898 5297.791666666666
1406695940 5318.708414713541
1406695959 5413.170844184027
1406695992 6353.762071397569
1406696021 6408.860792283887
1406696060 6984.52075829444
1406696069 6895.483882780998
1406696122 6121.294453938803
1406696129 6190.859919893569
1406696182 7916.442170516304
1406696191 8096.5393784466905
1406696233 7503.671064268868
1406696244 7181.727423699347
1406696303 6648.038461538461
1406696324 6468.875
1406696364 6628.7902542372885
1406696383 6536.550540161133
1406696424 5805.552062988281
1406696444 5698.513687884221
1406696485 5487.231305803572
1406696493 5433.4375
1406696533 5415.25462962963
1406696574 5306.033898305084
1406696592 5553.853448275862
1406696603 5740.0901639344265
1406696653 5792.545454545454
1406696713 5577.125
1406696722 5517.34365234375
1406696733 5667.754018314549
1406696783 8239.944444444445
1406696805 9120.272401391006
1406696846 8580.022401391006
1406696865 8902.10496826172
1406696906 9154.010029296875
1406696915 9062.689338235294
1406696966 8391.470588235294
1406696974 8330.75
1406697025 7838.875
1406697074 6915.225
1406697085 6138.166748046875
1406697105 5545.047677176339
1406697135 5468.869070870536
1406697155 5142.104187011719
1406697204 5159.8969451904295
1406697215 5071.197998046875
1406697265 5293.84375
1406697284 5123.865
1406697315 5632.704229736328
1406697324 5811.087522694763
1406697386 5366.610210503472
1406697414 5442.54049196105
1406697445 5901.196929489357
1406697455 6023.987260867388
1406697495 5767.227564102564
1406697523 6073.01
1406697567 6187.865
1406697595 6426.967948717949
1406697616 5730.63141025641
1406697645 6027.125
1406697674 6836.959183673469
1406697694 7053.3064831149195
1406697736 6287.0808668870195
1406697785 5811.752501556839
1406697805 5925.634696764824
1406697824 5957.033383789063
1406697855 5628.078125
1406697864 5594.475012207031
1406697915 6014.8512423155735
1406697925 6502.916788736979
1406697975 9614.152529958952
1406697984 9819.65
1406698035 10734.9353499874
1406698046 10680.75105329241
1406698105 9571.260204081633
1406698144 9504.57115234375
1406698155 8911.235909598214
1406698165 8171.3626708984375
1406698225 5720.0875244140625
1406698235 5501.152542372882
1406698284 5335.3
1406698295 5288.631147540984
1406698335 5157.092977555072
1406698345 5173.965576171875
1406698393 5211.399951171875
1406698415 5240.975774949597
1406698455 6110.669921875
1406698465 6236.910308837891
1406698524 4982.246804809571
1406698535 4976.24753766741
1406698574 5321.803571428572
1406698594 5612.645523821721
1406698635 7566.448136871936
1406698645 7905.321097995924
1406698704 6541.466113988904
1406698714 6420.699449136224
1406698765 6797.633802816901
1406698775 6880.228585379464
1406698816 6514.465785435268
1406698835 6551.687388159044
1406698886 6429.365374858153
1406698945 6685.866389610248
1406698995 6577.702718098959
1406699005 6720.190394810268
1406699065 8167.766419316681
1406699076 7997.559737141927
1406699125 6462.0269175384
1406699135 6256.2222900390625
1406699185 5028.861043294271
1406699195 4999.836669921875
1406699234 5198.176470588235
1406699246 5078.737704918032
1406699295 5157.257129733845
1406699305 5345.642926897322
1406699365 6097.99287522007
1406699376 6035.566569010416
1406699425 5564.416748046875
1406699485 5092.022313077685
1406699496 5200.025
1406699535 6150.880142211914
1406699544 6331.810974725402
1406699605 6859.8267326732675
1406699636 7110.407142857142
1406699666 6374.728571428572
1406699675 6496.109375
1406699714 6873.656779661017
1406699734 6701.641304347826
1406699786 7688.858695652174
1406699806 7332.75
1406699835 7000.225048828125
1406699856 6699.025973510742
1406699906 6262.385317993164
1406699915 6172.680072331832
1406699954 5654.877052436441
1406699965 5535.573992693866
1406700025 5000.7129629629635
1406700035 5038.986124674479
1406700074 5151.390262858073
1406700085 5271.275
1406700134 5291.463209249206
1406700144 5277.174825786073
1406700205 5512.908426167052
1406700215 5574.306962025316
1406700255 5532.284810126583
1406700284 5611.088309733073
1406700315 5312.2391668581495
1406700335 5177.4527091560785
1406700385 5162.251352163461
1406700406 5208.250024414063
1406700445 5083.124984741211
1406700454 5066.86251046317
1406700504 5685.404153878348
1406700515 5695.264344262296
1406700565 5688.729166666666
1406700575 5755.105072463768
1406700625 7308.880434782608
1406700634 7327.125
1406700685 7483.5
1406700694 7405.5975
1406700735 6778.1607666015625
1406700744 6588.371295431386
1406700804 5548.069417317709
1406700834 5731.2291259765625
1406700864 6587.246713491586
1406700886 6839.898091634115
1406700926 6960.046366373697
1406700936 6914.519841598252
1406700975 7527.813654495498
1406700985 7381.52783203125
1406701035 6190.277628580729
1406701045 6116.277628580729
1406701095 6284.374454451196
1406701126 6665.589285714286
1406701165 7061.495
1406701176 6956.577464788732
1406701227 5978.93661971831
1406701236 5889.939873417721
1406701275 5312.262658227848
1406701306 5175.618852459016
1406701336 5141.187438964844
1406701346 5173.460301133453
1406701397 5065.662487792969
1406701406 5137.584051724138
1406701455 6200.919491525424
1406701465 6385.625
1406701515 7020.236575279707
1406701546 7648.155715721241
1406701584 9505.243437500001
1406701596 9960.87761374081
1406701635 10471.303369140625
1406701646 10188.8875
1406701695 6237.469262295082
1406701707 5599.303571428572
1406701765 5454.051282051282
1406701785 5692.15380859375
1406701817 6167.1316096608225
1406701826 6191.826188426907
1406701876 5542.944376627604
1406701886 5456.052001953125
1406701945 5380.584375
1406701956 5358.72131147541
1406701996 5520.344262295082
1406702006 5451.549450549451
1406702065 5727.791208791208
1406702087 5329.155942855343
1406702116 5129.588776619204
1406702127 4926.87746233259
1406702186 4908.891107021234
1406702205 5067.611748046875
1406702236 4964.01998046875
1406702255 4786.393668619792
1406702296 4781.33740234375
1406702306 4834.034708658854
1406702356 4909.902628580729
1406702366 4885.642717633928
1406702417 4739.038155691964
1406702426 4745.253715183424
1406702486 5104.333435058594
1406702506 5250.796359592014
1406702534 5340.477913411458
1406702576 5632.2063779159325
1406702597 5835.509518045775
1406702605 5876.958333333334
1406702656 5979.333333333334
1406702666 6482.024590163935
1406702717 10433.8
1406702741 10077.842105263158
1406702774 8623.773404947917
1406702786 8653.07925415039
1406702841 6670.342038472494
1406702870 6861.70697312128
1406702904 6423.974968927557
1406702925 6022.545081967213
1406702965 6058.02783203125
1406702985 6064.400065104166
1406703015 5536.708292643229
1406703025 5504.324951171875
1406703075 5375.966941704184
1406703084 5322.108050847457
1406703134 5147.013956705729
1406703144 5163.555636935764
1406703205 5143.848611111111
1406703224 5175.76404494382
1406703265 4843.202247191011
1406703294 4954.647916666667
1406703325 5183.595833333333
1406703354 5366.054166666667
1406703385 5524.21875
1406703394 5525.52966101695
1406703444 5269.385593220339
1406703453 5272.296597755561
1406703503 5371.849645395748
1406703514 5364.134936523437
1406703553 5361.6
1406703574 5373.3797709923665
1406703625 5706.671038212668
1406703684 5913.047020069067
1406703694 5903.414884606186
1406703733 6152.878315429687
1406703744 6340.741803278688
1406703794 5955.25
1406703804 5671.777791341146
1406703854 5079.385102477255
1406703883 5251.12266671317
1406703924 6386.179435483871
1406703945 7041.093765258789
1406703985 6797.581889561245
1406704036 7124.029452964907
1406704046 7052.708391462053
1406704106 6889.958182198661
1406704116 7172.547467912947
1406704166 9623.285539899553
1406704176 9871.65395599941
1406704219 9696.882075471698
1406704229 9456.054245721727
1406704272 7189.862502325149
1406704282 7048.8416247758705
1406704333 7441.284200319102
1406704353 7392.946462857521
1406704392 7261.89217601103
1406704404 7289.1056338028175
1406704463 7794.426259068081
1406704474 7754.519689223345
1406704514 7234.1734843351405
1406704523 7298.54375
1406704574 7713.454715938358
1406704614 7450.720319475447
1406704644 7686.885437011719
1406704654 7814.931451612903
1406704706 7202.794379340277
1406704717 7044.420220269098
1406704757 7127.197916666666
1406704778 7111.964070064921
1406704818 6927.002774950484
1406704828 7031.616617838541
1406704878 7105.616658528646
1406704888 6973.7677462218235
1406704939 6881.774987792969
1406704948 6889.457639532575
1406704998 6787.161306073589
1406705010 6937.643862371575
1406705063 7755.570921179366
1406705071 7807.136774782275
1406705124 7225.2804515941725
1406705145 7149.447580645161
1406705186 7234.974408549648
1406705207 7594.702160444416
1406705237 8616.467349193135
1406705247 9154.788041548294
1406705292 11113.114631652832
1406705311 10927.444938151042
1406705352 10436.976275275734
1406705362 10932.335329149591
1406705413 16426.986448194162
1406705423 17548.838812934027
1406705476 21265.60477607195
1406705509 21937.5
1406705541 20887.666666666664
1406705551 20952.967213114753
1406705592 19685.532786885247
1406705602 18936.02384052579
1406705655 10081.30138578869
1406705686 6993.170243426067
1406705726 6407.056408393673
1406705737 6172.325163118132
1406705776 5943.932271098043
1406705817 5768.202868852459
1406705837 6098.975
1406705867 6535.357142857143
1406705897 6261.506033761161
1406705907 6239.023890904018
1406705957 5953.684605189732
1406705967 5893.559605189732
1406706027 5835.608706266983
1406706036 5934.499987792969
1406706077 6291.2777099609375
1406706087 6331.333251953125
1406706137 5637.0588968211205
1406706145 5644.34833984375
1406706197 6573.404215494791
1406706217 6921.371468680245
1406706268 7333.3285893031525
1406706309 7674.0662841796875
1406706320 6135.086181640625
1406706380 5903.678955078125
1406706390 5943.244466145834
1406706440 6313.737579345703
1406706470 6254.725027901786
1406706500 6033.400006975447
1406706510 6035.533415841584
1406706561 6422.491336633663
1406706601 6688.303449603873
1406706621 6329.39267440581
1406706632 6384.527403784579
1406706682 6432.714250837053
1406706702 6350.587779651989
1406706760 6867.092658025568
1406706792 6242.290146246189
1406706801 6097.389929199218
1406706852 6017.008483886719
1406706861 6058.220983886718
1406706912 6642.666748046875
1406706921 6771.6560546875
1406706982 8565.201363699776
1406706991 8787.480966796875
1406707032 8200.795190429688
1406707061 7174.231139277069
1406707103 6377.902013442095
1406707112 6376.0876664142215
1406707152 7820.679303850447
1406707161 8103.8489363386825
1406707223 6402.855855855856
1406707263 6800.590227971312
1406707284 7221.543646043347
1406707325 7549.9605643136165
1406707345 7628.301035853794
1406707354 7527.3137925091905
1406707396 6453.259736902573
1406707405 6293.034338909647
1406707465 6113.552001953125
1406707485 6020.712368834253
1406707516 5701.088235294117
1406707536 5598.14370622306
1406707574 5751.483074577487
1406707585 5746.8683609501
1406707636 5555.529248046875
1406707645 5601.20083063299
1406707705 5702.803047873757
1406707724 5894.622049622616
1406707764 6302.171016570061
1406707786 6383.186402837914
1406707827 6240.7018807652485
1406707847 6239.08338149713
1406707876 6362.727842992666
1406707896 6412.777750651041
1406707936 6964.166748046875
1406707966 7276.729248046875
1406708006 6274.604248046875
1406708016 6341.691257850796
1406708057 7862.960014648437
1406708066 8288.681192660551
1406708116 8908.16554750215
1406708166 10415.116658528645
1406708176 9792.76923076923
1406708205 7232.608333333334
1406708236 6734.313725490196
1406708256 6924.75
1406708306 8033.875
1406708316 8697.90478515625
1406708366 15271.4287109375
1406708376 15746.859832412894
1406708429 21740.373926623113
1406708672 8880.05589136584
1406708714 7912.972005208334
1406708735 7303.962926645748
1406708775 6609.261149088541
1406708795 6589.229844491693
1406708845 6986.45411392405
1406708854 6924.163043478261
1406708904 6772.277173913044
1406708914 6633.048624674479
1406708964 6149.631033761161
1406708984 5997.66508214614
1406709015 5805.746616210938
1406709034 5775.212001953125
1406709084 5915.31625
1406709115 5935.903571428571
1406709135 7211.260714285714
1406709154 6897.490793001854
1406709194 6079.308251953125
1406709204 6085.975227261767
1406709265 6652.191276644483
1406709275 6630.977294921875
1406709325 6555.6142578125
1406709346 6309.091748046875
1406709384 6083.664285714285
1406709395 6079.87566838499
1406709436 5971.484138863985
1406709445 6104.486870199948
1406709495 6378.6417236328125
1406709545 5743.921456473214
1406709565 5610.5
1406709575 5635.036764705883
1406709616 5705.4391529521
1406709636 5689.162797407671
1406709684 6072.520454545454
1406709726 5539.5327868852455
1406709745 5530.991379310344
1406709755 5650.129794761782
1406709795 5691.148973808914
1406709806 5706.829248046875
1406709866 5727.2875
1406709875 5735.947115384615
1406709924 5860.88141025641
1406709944 5874.456041124132
1406709985 6418.1221754286025
1406709996 6273.070436571465
1406710035 5866.554563428535
1406710046 5755.682669503349
1406710105 5819.365277777778
1406710136 5799.96875
1406710165 5806.3125
1406710186 5801.367424242424
1406710225 6083.621212121212
1406710264 6114.276639344262
1406710286 6228.7862903225805
1406710295 6271.25625
1406710346 6406.264084507042
1406710366 6638.132352941177
1406710397 7107.125
1406710428 7176.165466741468
1406710458 6635.688499071919
1406710517 6371.675381274934
1406710538 6168.898089299437
1406710578 5842.091650390625
1406710588 5857.583333333334
1406710638 6161.074951171875
1406710668 6213.183349609375
1406710698 5975.887128409693
1406710727 6047.221435546875
1406710759 6408.548798351753
1406710768 6425.785724748885
1406710819 6237.904750279018
1406710829 6378.472249348959
1406710879 7367.777872721354
1406710889 7265.327211733218
1406710933 6225.889855726709
1406710942 6158.688534385279
1406711000 6245.311465614721
1406711009 6320.601530655571
1406711059 7509.572463768116
1406711069 7615.897823210686
1406711121 8830.756865352032
1406711152 9351.73349919395
1406711185 8186.591107080853
1406711247 8333.762708275719
1406711298 9944.69763764881
1406711310 10271.060101859177
1406711355 9478.347983831092
1406711377 8973.061240748355
1406711412 7174.754490064538
1406711423 6896.90306122449
1406711482 7693.428571428572
1406711510 7396.652542372882
1406711541 6772.577380952381
1406711552 6726.507042253521
1406711602 7853.918003136003
1406711612 8002.477508921682
1406711662 9186.322573061343
1406711683 9600.905263157894
1406711726 8500.44342105263
1406711757 9277.235849056604
1406711779 8913.8
1406711802 7823.099537037037
1406711833 7642.809523809524
1406711844 7722.289915966387
1406711899 7759.51439814207
1406711952 7690.594123840332
1406711963 7594.156976744186
1406712017 7345.438953488372
1406712038 7391.954545454545
1406712072 8489.041666666668
1406712116 8443.546875
1406712136 7500.163461538462
1406712168 6485.41865079365
1406712199 6781.868902439024
1406712209 7037.552419354839
1406712261 8071.631944444444
1406712281 7990.887096774193
1406712323 8753.65
1406712341 9336.711538461539
1406712381 9846.82067558093
1406712401 9631.510410638504
1406712442 7392.198085455247
1406712462 6684.886928013393
1406712502 5817.410784040178
1406712512 5705.416748046875
1406712562 6280.805097159693
1406712571 6360.227112676057
1406712622 7300.514084507042
1406712633 7023.1425
1406712672 6090.8515625
1406712681 6083.80625
1406712732 6785.717741935484
1406712743 7003.049180327869
1406712793 6758.273942333157
1406712802 6731.643378535404
1406712862 7915.294303797468
1406712872 7912.066901408451
1406712914 8272.047789667693
1406712933 7997.121702892946
1406712984 6529.0960584583845
1406713015 7056.620513916016
1406713044 9047.904174804688
1406713056 9335.618506493505
1406713100 8111.636363636364
1406713121 8637.725806451614
1406713153 9784.861559139785
1406713193 10564.471509176587
1406713216 8978.971240234376
1406713228 8054.769001652645
1406713281 6265.280397445436
1406713291 6017.980392156863
1406713332 5445.4375
1406713371 7694.303877818434
1406713400 13335.350351068038
1406713411 14953.691986659787
1406713453 23026
1406713506 31299.05859375
1406713517 32616.916666666664
1406713539 34385.142857142855
1406713587 38956.4
1406713599 38151.744680851065
1406713634 28151.144927536232
1406713668 19693.443661971833
1406713705 14189.027777777777
1406713713 13283.72619047619
1406713757 8188.3452380952385
1406713768 7518.591397849463
1406713819 6574.083333333334
1406713850 6421.625
1406713881 6315.984756097561
1406713891 6285.779929577465
1406713942 7405.945168078785
1406713952 7240.245243195564
1406714004 6062.752756426411
1406714014 6029.787437702047
1406714056 6354.494334253772
1406714120 6286.873035249256
1406714140 6162.209677419354
1406714182 5941.581967213115
1406714201 5900.859545898437
1406714233 5961.890454101563
1406714252 5901.738940429687
1406714293 5878.579345703125
1406714303 5897.457349559929
1406714363 5622.075958638252
1406714372 5630.7464788732395
1406714413 6156.79150046765
1406714434 6583.992734610316
1406714481 9246.3087261154
1406714496 9533.59375
1406714541 8677.589285714286
1406714552 8452.254032258064
1406714593 8274.647768082157
1406714603 8360.348691587094
1406714667 10090.281001338251
1406714701 10442.156473042052
1406714714 10696.927023051698
1406714748 11740.514492753624
1406714783 12771.157110091743
1406714854 11003.113751612673
1406714857 11023.16179613797
1406714960 12503.911273871527
1406714992 11946.011006339651
1406715021 10431.883771929824
1406715049 9184.1314453125
1406715086 8141.697998046875
1406715097 8154.178641183035
1406715141 8964.601213727678
1406715163 9179.702702702703
1406715195 9179.52027027027
1406715215 8951.346509176587
1406715258 9803.633485038325
1406715268 9973.793077256945
1406715312 8596.107142857143
1406715345 7853.65
1406715377 7601.564416273584
1406715398 7776.142311789773
1406715443 8483.388146972657
1406715498 8050.299865036868
1406715532 7611.199951171875
1406715566 7668.1909090909085
1406715587 7646.34375
1406715619 7158.34375
1406715630 6995.344262295082
1406715680 6524.465909090909
1406715732 6526.920454545454
1406715740 6636.618148053279
1406715793 8124.304837239583
1406715815 8507.060072157117
1406715865 9050.201612903225
1406715877 8871.380952380952
1406715918 6682.55753968254
1406715928 6408.347208658854
1406715978 5899.909708658854
1406715988 5836.285940187787
1406716037 6513.470201404816
1406716087 5964.428670914447
1406716098 6080.65
1406716117 6877.190967414952
1406716158 7596.434276725672
1406716177 8368.494892735634
1406716220 8654.11019033756
1406716230 8345.672593667474
1406716281 6659.119154379401
1406716291 6518.25
1406716341 7490.821721311475
1406716352 7503.821428571428
1406716404 5486.814516129032
1406716414 5130.55
1406716454 5112.647959183673
1406716463 5448.96186440678
1406716513 6516.966463414634
1406716545 5757.678805443548
1406716575 5602.541687011719
1406716585 5770.605550130209
1406716635 6142.9666748046875
1406716685 6204.522237141928
1406716697 5756.80556233724
1406716707 5825.768518518518
1406716756 6315.134259259259
1406716778 6616.223089402722
1406716818 6474.537380393492
1406716878 5708.635321100917
1406716887 5622.743644067797
1406716937 6258.295698322234
1406716948 6384.052387755594
1406717008 5293.459876543209
1406717018 5380.53125
1406717057 5874.628125
1406717088 6950.758680555556
1406717118 8590.831597222223
1406717129 8595.013903808594
1406717178 6227.937934487552
1406717188 6123.135647014036
1406717237 7977.0535534274195
1406717250 8234.305338541666
1406717303 7704.461594801683
1406717315 7558.242219744989
1406717356 7156.512358329665
1406717386 6907.702868852459
1406717417 6561.78488372093
1406717429 6476.030487804878
1406717479 5822.240853658537
1406717499 6026.888916015625
1406717539 6683.194580078125
1406717559 6442.918168865266
1406717600 5857.428055108762
1406717610 6003.524609977816
1406717660 6998.023148148148
1406717681 7372.421875
1406717724 7739.796052631579
1406717757 8508.6875
1406717778 8747.447132457386
1406717790 8902.436408547794
1406717846 7810.261235955057
1406717879 7595.125
1406717901 8360.375
1406717912 8481.217741935485
1406717968 8938.841560609879
1406718025 8820.579174804687
1406718028 8817.83
1406718075 9437.319079382945
1406718087 9944.352944584216
1406718134 11049.746444702148
1406718183 7947.801717789447
1406718195 7253.629509420956
1406718217 7223.090953480114
1406718282 7717.245754777892
1406718316 7814.938693576389
1406718327 7837.0722013774675
1406718381 8743.727603310032
1406718392 8804.119402985074
1406718438 7842.164179104478
1406718448 7876.0879629629635
1406718492 7210.901666666667
1406718523 6927.606557377049
1406718553 7250.128108326982
1406718564 7423.047481991829
1406718627 10293.326615359805
1406718662 10127.727402001095
1406718673 10052.551201000548
1406718684 9676.625
1406718740 9306.780140269886
1406718750 8966.198580228365
1406718794 9081.889716045673
1406718805 8921.044242858887
1406718858 8365.034319998204
1406718892 7588.638067948191
1406718922 7482.7894479851975
1406718934 7377.219682173296
1406718977 7803.194539388021
1406718988 7715.40283203125
1406719043 6773.562488555908
1406719052 6753.253164556962
1406719102 7238.548441826542
1406719122 7341.22216796875
1406719152 7185.5555419921875
1406719162 7160.544642857143
1406719222 6969.91259765625
1406719264 7066.5833740234375
1406719284 7106.861043294271
1406719294 7240.1416015625
1406719334 7462.528846153846
1406719346 7436.558823529412
1406719402 7308.840909090909
1406719423 7156.731132075472
1406719455 7158.075581395349
1406719466 7193.612847222223
1406719518 6949.328125
1406719527 6890.053571428572
1406719581 6587.506697371199
1406719601 6827.368744396772
1406719642 7379.246634689032
1406719652 7536.256258035008
1406719692 9859.09818470629
1406719721 10185.15557603433
1406719763 11034.125
1406719771 11083.552710843374
1406719824 8587.948795180724
1406719846 8101.392857142857
1406719877 8882.487932477678
1406719901 8279.202287946428
1406719933 6872.421502976191
1406719943 6594.933430989584
1406719993 7157.638135566086
1406720004 7689.632229712702
1406720055 9222.736063639322
1406720076 8649.335459116342
1406720117 7306.579688819679
1406720129 6903.418701171875
1406720181 6497.611113577178
1406720241 7162.277839429451
1406720261 7233.888970269098
1406720303 7543.638888888889
1406720313 7560.965277777777
1406720365 7591.284722222223
1406720375 7518.252701297883
1406720427 6732.726271856399
1406720459 6395.842637803819
1406720479 6464.67131890191
1406720499 6332.273809523809
1406720542 5816.936274509804
1406720550 5854.583333333334
1406720601 7036.500081380209
1406720611 7171.286656821647
1406720663 6687.676930497332
1406720683 6710.272925283394
1406720714 6823.458333333334
1406720746 7346.727739726028
1406720777 7321.061643835616
1406720787 7414.633826053504
