1406623655 363432.6923076923
1406623685 362775
1406623705 372750
1406623725 378715.16393442627
1406623766 396325
1406623795 415123.2142857143
1406623826 385434.52901785716
1406623836 391655.35435956786
1406623897 431011.31751543214
1406623907 429400.9433962264
1406623950 376867.9245283019
1406623960 372807.6923076923
1406624002 466404.54545454547
1406624015 501723.31460674154
1406624070 482523.8764044944
1406624091 475185.48387096776
1406624122 350893.81199596776
1406624132 342803.5669642857
1406624192 365982.14285714284
1406624202 359676.4705882353
1406624243 312144.60784313723
1406624253 303618.0559895834
1406624303 262121.47153072033
1406624312 264531.0629971591
1406624372 326074.2433948864
1406624413 346270.625
1406624433 305349.796875
1406624452 306818.3365625
1406624483 313875
1406624514 353008.1967213115
1406624544 444846.1538461539
1406624553 463084.01639344264
1406624605 446777.77777777775
1406624625 427000
1406624665 433334.5070422535
1406624696 439410.80039612675
1406624727 423988.2726672535
1406624736 417416.6763392857
1406624790 426354.16748046875
1406624800 435125.66220238095
1406624842 430403.44345238095
1406624853 431894.069135274
1406624915 401559.7976973684
1406624967 437340.29411764705
1406625000 474414.6341463415
1406625033 448104.26829268294
1406625090 453450
1406625147 440684.7826086957
1406625182 466370.6896551724
1406625205 496214.70588235295
1406625216 500000
1406625270 507809.23076923075
1406625281 505895.57522123895
1406625328 461847.1238938053
1406625383 430506.25
1406625428 444599.4845360825
1406625471 552070.1030927835
1406625480 539073.1707317072
1406625512 426217.0581395349
1406625523 404477.48268581077
1406625565 401145.2702702703
1406625586 377568.1818181818
1406625631 355577.3861607143
1406625642 361493.3375
1406625686 491205.06329113926
1406625721 513647.82608695654
1406625755 449655.55555555556
1406625766 440000
1406625811 399909.09090909094
1406625821 393615.3846153846
1406625876 420678.5714285714
1406625898 412982.14285714284
1406625932 372751.7024872449
1406625996 283788.29349662166
1406626006 271954.92238729505
1406626048 288065.5745389344
1406626057 284813.52459016396
1406626109 304950.3012048193
1406626140 325497.9166666666
1406626169 421228.125
1406626180 456930.74324324325
1406626233 352074.3243243243
1406626243 365894.23076923075
1406626287 409687.1742788461
1406626298 431272.9123535156
1406626341 451195.83251953125
1406626351 470608.8235294118
1406626415 567585.294117647
1406626426 568450
1406626470 468755.7471264368
1406626513 434569.5652173913
1406626523 428587.6759510869
1406626585 606099.5551714601
1406626596 649048.6811393806
1406626636 735454.5511363636
1406626656 548890.1548295454
1406626684 503307
1406626706 444956.75675675675
1406626758 413545.9459459459
1406626769 530189.629222973
1406626780 532044.4351190476
1406626827 544147.2175595239
1406626874 431055.8035714286
1406626883 417347.56097560975
1406626915 413613.63636363635
1406626949 437325.5813953488
1406626958 453289.17910447763
1406627014 646949.6268656717
1406627070 482360.0746268657
1406627083 490224.1379310345
1406627128 482068.18394886365
1406627193 497604.171875
1406627216 520950.2350260416
1406627260 497695.5970052084
1406627265 499448.7902861446
1406627311 429511.0421686747
1406627343 453619.7
1406627366 492351.8597222222
1406627388 517456.9317307692
1406627431 536453.8592583955
1406627489 466773.01644123136
1406627522 497216.6625
1406627544 540117.643382353
1406627556 552694.6913716814
1406627615 495318.58019911504
1406627657 498851.85185185185
1406627673 471188.27160493826
1406627696 477185.7142857143
1406627731 484060.7142857143
1406627778 491813.1067961165
1406627834 441475.8064516129
1406627849 417286.2903225806
1406627871 393750
1406627915 411738.4615384615
1406627936 429555.55555555556
1406627969 458321.4285714286
1406627978 461481.34328358213
1406628036 543079.1139240507
1406628057 603908.2306170886
1406628081 577362.8647151899
1406628115 593666.671875
1406628149 591398.8136160714
1406628171 634468.309859155
1406628216 742698.9436619718
1406628220 747310.294117647
1406628267 717050
1406628301 697634.1463414634
1406628327 581623.9733231708
1406628349 581825.1928353659
1406628405 618660.5586890244
1406628409 620206.9788306451
1406628456 597326.6129032258
1406628467 587598.8710275424
1406628515 473566.671875
1406628547 422615.1536931818
1406628570 464963.23529411765
1406628581 479611.60714285716
1406628626 418138.39285714284
1406628637 416653.8461538461
1406628683 472365.3846153846
1406628704 486657.0498798077
1406628749 466993.5853365385
1406628761 473273.2015427215
1406628805 522802.7321993671
1406628828 520976.1821986607
1406628861 491413.6883370536
1406628884 498762.25666360295
1406628929 504133.185546875
1406628940 480996.7959735577
1406628981 401395.0372596154
1406628992 407728.1791294643
1406629055 512186.5033482143
1406629065 520031.24560546875
1406629108 445432.2907714844
1406629119 461278.4615384615
1406629173 535637.5
1406629228 448047.921875
1406629239 453583.3375
1406629283 491461.1111111111
1406629293 491231.3139204546
1406629349 491966.671875
1406629360 488733.3375
1406629404 492064.28571428574
1406629416 518171.7391304348
1406629473 625812.5
1406629496 657416.6666666667
1406629530 623115.9524456521
1406629542 604218.0873940678
1406629589 519558.33142089844
1406629647 489208.32385253906
1406629670 469026.1107742537
1406629714 431783.328125
1406629725 425912.0318287037
1406629768 454821.2150568182
1406629780 459439.39801136364
1406629823 441121.7905649039
1406629832 443562.8363217213
1406629884 451451.43836122047
1406629949 441515.74803149607
1406629959 437441.1764705882
1406630013 429706.8575367647
1406630034 423839.2104779412
1406630065 494276.4549632353
1406630098 487703.8358173077
1406630130 489741.44991987175
1406630176 545662.9281716418
1406630186 612593.2644589553
1406630197 609838.5882120254
1406630254 510244.72428797465
1406630265 502417.68292682926
1406630318 748475.6097560975
1406630336 700375
1406630372 514730.2631578947
1406630393 452732.95454545453
1406630427 406479.171875
1406630438 403033.3375
1406630482 463400
1406630493 461541.6666666666
1406630548 372267.578125
1406630557 366129.0322580645
1406630610 401133.3333333334
1406630641 416525
1406630672 418051.88679245283
1406630694 415522.5240709459
1406630725 490489.8633868243
1406630746 490845.7048339844
1406630789 496708.3359375
1406630832 496843.63636363635
1406630844 469411.1111111111
1406630886 406633.07692307694
1406630909 435428.5714285714
1406630942 440193.05555555556
1406630963 426860
1406631017 458518.1775568182
1406631029 470833.328125
1406631039 475774.849506579
1406631086 453294.4915254237
1406631098 451103.2608695652
1406631155 503791.13924050634
1406631177 517909.4177989131
1406631201 500249.9947916666
1406631213 483178.8570884146
1406631324 363591.30434782605
1406631328 368362.71186440677
1406631383 493622.9885057471
1406631415 501022.22222222225
1406631449 466283.3333333334
1406631482 442576.92572115385
1406631504 420628.20432692306
1406631514 416248.69873046875
1406631568 422843.2153672681
1406631611 467288.63636363635
1406631623 453559.7826086957
1406631634 424820.46484375
1406631691 379124.9947916666
1406631724 379074.0720486111
1406631745 390633.72093023255
1406631767 414280.76923076925
1406631810 461640.90909090906
1406631822 506521.18644067796
1406631869 689238.3333333333
1406631897 651970.0704225352
1406631940 532673.3378125001
1406631947 521401.96599264705
1406631991 463559.52901785716
1406632003 445935.32859141787
1406632048 358442.7912779851
1406632058 355552.6361019737
1406632101 460262.28227796056
1406632124 461777.2727272727
1406632167 430620.37037037034
1406632178 439725
1406632222 488341.41791044775
1406632245 479544.77611940296
1406632289 399333.3375
1406632300 379588.0566037736
1406632342 354087.37247983867
1406632362 352565.14458626765
1406632413 377863.01369863015
1406632435 400768.51851851854
1406632467 417657.4074074074
1406632489 409386.71875
1406632530 382315.75
1406632595 336333.328125
1406632605 333097.8792162698
1406632646 347515.8824404762
1406632658 351915.5346746575
1406632710 394771.68493150687
1406632719 393142.8526785714
1406632773 357337.83783783787
1406632793 364500
1406632835 414333.328125
1406632846 410633.9243861607
1406632891 400313.43633395527
1406632913 405889.328125
1406632955 335930.5572916666
1406632976 316349.0566037736
1406633008 352800.75187969924
1406633109 467617.7884615385
1406633112 464614.86486486485
1406633135 417162.16216216213
1406633146 405584.8214285714
1406633191 413802.6274671053
1406633203 415606.96448863635
1406633246 422641.9112004951
1406633304 361825.92592592596
1406633327 350629.4776119403
1406633371 394966.7721518987
1406633406 398735.0746268657
1406633427 419151.1194029851
1406633438 417583.3333333334
1406633493 465986.1067708334
1406633504 469357.4509320175
1406633550 437291.6640625
1406633596 374371.21212121216
1406633606 434352.2779356061
1406633616 426921.72159090906
1406633672 515526.1194029851
1406633683 542518.4426229508
1406633733 657247.4489795918
1406633781 655012.323943662
1406633793 499650.8268045775
1406633804 474639.2898995536
1406633849 406193.94176136365
1406633903 374328.03551136365
1406633937 388921.0555098684
1406633969 412469.29893092107
1406633979 415272.3880597015
1406634036 377316.18083639705
1406634047 375350.8824013158
1406634093 383017.5490679825
1406634104 375305.22609186743
1406634146 316182.7257153614
1406634176 311611.1080729166
1406634206 322555.5598958334
1406634218 330776.0458984375
1406634270 348583.3333333334
1406634290 344583.3333333334
1406634330 304168.3673469388
1406634339 307843.75
1406634390 436541.671875
1406634402 451657.2367334906
1406634443 464354.83870967745
1406634464 484541.40625
1406634507 517241.83673469385
1406634562 491628.68550145347
1406634573 432924.4226017442
1406634593 447271.9350328947
1406634626 592641.4473684211
1406634649 587931.3743106618
1406634694 519953.9853078358
1406634716 505716.671875
1406634749 436065.109375
1406634780 415637.5807783019
1406634802 478701.0869565217
1406634826 519137.7455882353
1406635046 411296.2468137255
1406635057 404283.3385416666
1406635112 375009.21196546056
1406635133 389546.5753424658
1406635174 372913.698630137
1406635185 396208.3333333334
1406635229 422791.6666666667
1406635240 441989.5209580838
1406635296 443140.71856287424
1406635342 524905.9880239521
1406635396 582760
1406635407 584055.5555555555
1406635432 639640.8450704225
1406635478 780376.923076923
1406635497 760222.2239583333
1406635535 503377.7829861111
1406635542 471804.79922945204
1406635587 528502.2741866438
1406635608 502163.13820422534
1406635648 443132.6276408451
1406635658 428479.8850574712
1406635703 359764.367816092
1406635735 348588.8888888889
1406635766 333554.90196078434
1406635786 318387.3015873016
1406635829 319824.3243243243
1406635860 327026.6393442623
1406635890 342889.70588235295
1406635911 345815.87837837834
1406635955 330650.33783783787
1406635964 329300.40398185485
1406636017 347761.26646959456
1406636038 354599.3641826923
1406636069 395435.90264423075
1406636090 418998.90727796056
1406636124 369167.76459703944
1406636145 368451.3888888889
1406636188 385976.85185185185
1406636232 372872.4394230769
1406636242 360667.3120192308
1406636253 364913.2472174658
1406636315 392373.6860197368
1406636348 371424.5283018868
1406636368 373611.1145833334
1406636378 375342.20378989365
1406636431 341722.5229388298
1406636462 333753.9715401786
1406636482 338811.9068080357
1406636515 346430.46875
1406636546 365970.12883254717
1406636568 402355.86106418923
1406636620 479513.0744485294
1406636670 430722.2265625
1406636680 412012.8257211539
1406636723 372959.6153846154
1406636735 371078.125
1406636787 377072.67441860464
1406636821 362834.8214285714
1406636843 375049.5283018868
1406636874 411305.55555555556
1406636906 446477.2727272727
1406636918 452741.3793103448
1406636973 428564.367816092
1406636993 416268.75
1406637037 384113.2075471698
1406637046 397309.7014925373
1406637092 504003.73134328355
1406637104 535570.895522388
1406637159 623826.0869565217
1406637173 617625
1406637207 530315.2173913043
1406637219 510657.0796460177
1406637320 477761.74496644293
1406637323 499807.88590604026
1406637368 458687.5
1406637391 442108.3333333334
1406637413 413410
1406637446 409569.64285714284
1406637497 435869.47368421056
1406637508 407402.10526315786
1406637541 402907.6923076923
1406637573 438142.85714285716
1406637583 445788.4615384615
1406637628 359336.5384615385
1406637638 349140.625
1406637681 327832.8125
1406637692 318239.7849462365
1406637752 286220.4301075269
1406637774 277738.09523809527
1406637804 304880.95238095237
1406637815 306164.2857142857
1406637866 337721.4285714286
1406637874 340190.3287037037
1406637927 354399.17824074073
1406637947 354133.8780737705
1406637988 359213.7079133064
1406638009 361023.6111111111
1406638042 347507.14285714284
1406638093 378870.9677419355
1406638104 391975
1406638137 433150
1406638168 521130.95238095237
1406638179 543225
1406638223 525696.4285714286
1406638256 568800
1406638292 878650
1406638338 786732.1428571428
1406638348 652378.7855113636
1406638360 551882.7123842593
1406638429 750358.1650598404
1406638454 792296.5438311689
1406638470 687262.9918831169
1406638506 701761.3636363636
1406638551 650150.5681818181
1406638558 644537.7358490566
1406638581 611768.8679245283
1406638604 571632.7160493827
1406638671 529888.8888888889
1406638731 359398.14814814815
1406638743 363768.1818181818
1406638764 382925
1406638775 404614.2857142857
1406638829 462482.14285714284
1406638862 500546.4765625
1406638885 475219.0208333334
1406638907 493523.81473214284
1406638941 514948.2780172414
1406638965 495882.0224719101
1406639008 465233.1460674157
1406639030 430585.82089552237
1406639075 442115.66464552237
1406639097 467817.9720394737
1406639129 441348.6842105263
1406639151 446419.64285714284
1406639185 452187.5
1406639195 453857.3224431818
1406639251 498600.1191697761
1406639262 504444.4401041666
1406639306 498972.2317708334
1406639317 500378.6852022059
1406639363 571371.3147977941
1406639374 559542.8475446429
1406639433 408179.7566964286
1406639444 392941.6625
1406639488 365652.77777777775
1406639498 363377.7173913043
1406639551 396317.1195652174
1406639580 444165.3333333334
1406639615 631612.0104166667
1406639626 658155.8050271738
1406639661 727193.1818181819
1406639692 721179.8234991776
1406639774 577478.066303454
1406639790 423578.9429481908
1406639813 392869.0424107143
1406639846 383533.33203125
1406639857 384060.52631578944
1406639909 412092.10526315786
1406639941 437375
1406639973 486166.6666666666
1406639995 498416.6666666666
1406640027 390568.1818181818
1406640072 383078.35820895527
1406640094 382857.84650735295
1406640106 380548.8550646552
1406640181 402037.3105177239
1406640206 402924.7525652985
1406640240 436062.5
1406640263 608101.1029411765
1406640274 596692.3728813559
1406640322 476640.32258064515
1406640367 403600
1406640391 398971.4285714286
1406640402 407700.6183449074
1406640445 421304.0217013889
1406640456 425743.0651041666
1406640511 445172.6205357143
1406640533 432968.75
1406640567 403170.4545454546
1406640577 404117.4236505682
1406640633 422374.99609375
1406640655 437874.73916794476
1406640689 510446.31901840493
1406640743 530307.0552147239
1406640796 578664.6153846154
1406640808 585565.2173913043
1406640819 582207.1428571428
1406640864 555268.5393258426
1406640908 515953.0612244898
1406640931 433898.97959183675
1406640962 428841.2698412698
1406640984 538658.7405753968
1406640994 539990.75
1406641053 488869.446875
1406641074 485795.45255681814
1406641108 505752.97098214284
1406641130 524660.4442630596
1406641165 593271.765391791
1406641175 595139.369612069
1406641223 551611.2214478417
1406641291 468140.28776978416
1406641314 562932.4422348485
1406641357 796979.7088963964
1406641419 597020.2702702703
1406641425 625656.25
1406641467 820819.587628866
1406641522 835937.5
1406641527 827627.4509803922
1406641624 499222.22222222225
1406641635 491714.2857142857
1406641648 515410.71428571426
1406641694 556410.0877192982
1406641705 483543.47826086957
1406641717 411565.7894736842
1406641772 430950.65789473685
1406641781 439785.7142857143
1406641828 520849.1379310345
1406641839 526728.448275862
1406641886 516126.4283405172
1406641897 508437.4895833334
1406641943 433562.5
1406641964 444281.25
1406642007 588593.3559027778
1406642018 602514.1138771186
1406642066 542107.3342161017
1406642077 533341.9426185344
1406642124 488164.2391304348
1406642146 468072.1305970149
1406642191 500265.1493506493
1406642223 528434.8454545455
1406642246 460592.58472222224
1406642268 391104.15625
1406642310 408784.3033088235
1406642319 414516.656875
1406642374 449988.8829166667
1406642385 452017.7733333333
1406642428 549193.3318749999
1406642449 560952.2727272727
1406642483 533436.4035087719
1406642506 513930.7633272059
1406642551 531274.5202205882
1406642574 538892.86328125
1406642607 609402.1664402174
1406642620 634450.5545550848
1406642666 669133.4893810679
1406642723 788011.3636363636
1406642732 766071.4285714286
1406642765 600128.5714285714
1406642799 604942.8571428572
1406642802 608698.9795918367
1406642848 865491.935483871
1406642864 899654.7619047619
1406642913 792363.0952380953
1406642953 728296.875
1406642977 765369.2307692308
1406643018 936447.5806451612
1406643039 966194.4444444445
1406643045 951769.2307692308
1406643117 709118.1102362205
1406643141 635574.1365649606
1406643172 606964.9701086957
1406643210 719159.6385542168
1406643255 855036.2903225806
1406643272 809575
1406643295 742931.3725490196
1406643323 777337.8378378379
1406643332 779331.1688311689
1406643393 727242.4346590909
1406643400 715893.171875
1406643448 616636.765625
1406643471 590649.719809322
1406643507 581166.65625
1406643531 572217.9415064103
1406643620 600158.124332265
1406643624 596504.0212725904
1406643703 549780.8140756303
1406643743 558519.2307692308
1406643755 564550
1406643803 547635.7142857143
1406643825 542032.967032967
1406643894 824247.4226804124
1406643922 1033333.3333333333
1406643933 997296.875
1406643954 849024.3902439025
1406644015 913910.4477611941
1406644021 907388.8888888889
1406644042 838067.0731707318
1406644144 541052.6315789474
1406644156 502916.6640625
1406644168 506898.5455163043
1406644225 710462.3747479839
1406644230 711679.4975961539
1406644290 551523.4757922535
1406644301 537135.5932203389
1406644349 589957.7394366197
1406644372 623093.4855182926
1406644409 533993.9024390244
1406644431 584951.4925373134
1406644476 722596.9387755102
1406644480 716460.5263157894
1406644539 521815.7894736842
1406644552 496574.7149784483
1406644597 626323.1396683673
1406644601 636924.8462009805
1406644648 562908.0417564656
1406644659 532771.7209821428
1406644704 498883.3304227941
1406644761 523981.4285714286
1406644772 518797.14285714284
1406644840 624294.2857142857
1406644844 619894.7368421053
1406644912 511355.2631578947
1406644916 502565.3846153846
1406644973 508684.6153846154
1406644977 506241.93548387097
1406645011 495173.3870967742
1406645035 539182.1428571428
1406645069 620221.4285714286
1406645081 779783.7837837838
1406645124 1649175.6756756757
1406645143 1825319.7674418604
1406645213 907199.6228197674
1406645253 757719.0782860825
1406645305 607795.5331829897
1406645310 600521.7391304348
1406645420 567309.4170403588
1406645426 625738.4051289237
1406645504 519648.7190302691
1406645533 543681.063271605
1406645578 690255.1431327161
1406645585 674086.2068965517
1406645607 550633.3333333333
1406645630 555094.9040798611
1406645679 857030.2926136364
1406645707 892142.1507352941
1406645724 600412.9866727941
1406645747 547416.6666666667
1406645793 586805.2631578947
1406645842 643036.8852459016
1406645854 683117.9245283019
1406645895 799801.3817708334
1406645914 610731.8736413043
1406645918 573905.21875
1406646009 721207.515625
1406646016 726125
1406646027 711571.4285714286
1406646051 696776.1194029851
1406646094 608021.2506127451
1406646102 599145.0729166667
1406646195 669091.8307291667
1406646202 684333.34375
1406646258 764797.111865942
1406646271 742549.7616604478
1406646325 733601.0558562992
1406646328 658352.0398622047
1406646398 812006.5789473684
1406646423 788647.5409836066
1406646450 675786.8852459016
1406646459 667347.65625
1406646514 778338.7096774194
1406646521 789363.0136986302
1406646566 904910.9589041097
1406646587 864275
1406646626 676176.4705882353
1406646638 653157.894736842
1406646683 737042.2535211267
1406646709 759902.9126213592
1406646786 666475
1406646803 661700
1406646839 608245.9016393443
1406646864 560928.5714285714
1406646874 555890.3557389937
1406646967 598590.6641116352
1406647023 664037.3459051724
1406647050 765491.3793103448
1406647112 810157.6923076923
1406647115 806149.1935483871
1406647174 630546.875
1406647179 625358.6491297468
1406647253 761194.4340277778
1406647287 849717.94375
1406647318 926350.5342261905
1406647350 937905.3776483051
1406647377 807669.0530133928
1406647406 694044.6280991735
1406647498 721058.2089552239
1406647540 578695.6521739131
1406647544 563046.6666666667
1406647615 519387.2980654762
1406647649 522857.71836890245
1406647656 522152.2175
1406647713 482915.544375
1406647724 465561.5862771739
1406647771 408021.74184782605
1406647782 412480.9575892857
1406647849 645728.5714285714
1406647876 668177.4163306451
1406647887 678842.3000672043
1406647942 525029.5652721775
1406647949 510835.26780523255
1406648028 508177.6846992924
1406648055 452141.0288461539
1406648067 447334.7826086957
1406648078 466421.875
1406648136 459928.125
1406648147 465030.70175438595
1406648182 493719.29824561405
1406648193 501626.98412698414
1406648245 505054.0540540541
1406648267 483141.30434782605
1406648314 442074.56140350876
1406648324 436777.43902439025
1406648391 433027.9523628049
1406648467 364269.81707317074
1406648478 367250
1406648489 396147.0588235294
1406648512 444000
1406648547 459094.1976902174
1406648581 466599.494636194
1406648614 514416.65625
1406648619 517224.034579918
1406648675 458288.89409722225
1406648709 436328.87109375
1406648731 458676.4705882353
1406648777 541672.4137931034
1406648789 496619.5652173913
1406648800 450145.1139547414
1406648847 477524.0060911017
1406648859 484460.140625
1406648906 474519.3177083334
1406648916 484474.90574596776
1406648971 535753.5826612903
1406648999 551105.7692307692
1406649023 523430.0847457627
1406649058 510636.7313915858
1406649095 523391.99029126216
1406649302 661013.7436286408
1406649332 599056.9077743902
1406649343 560307.1428571428
1406649390 522028.5714285714
1406649402 528985.9154929577
1406649449 677514.0845070423
1406649461 699290.3225806451
1406649511 721446.261682243
1406649568 724795.3389830508
1406649629 646753.1578947369
1406649663 624796.875
1406649691 677453.125
1406649725 712735.1549657534
1406649764 791111.1006944445
1406649806 845937.8575211865
1406649823 830261.9151785714
1406649862 846125.0032894737
1406649880 884837.9652777778
1406649943 950989.59375
1406649988 915087.3684475806
1406650005 879424.1319962686
1406650055 795757.5010533708
1406650094 790127.4554227941
1406650113 910911.7766544118
1406650123 911288.3685515872
1406650176 846413.0434782609
1406650215 695956.1332236843
1406650233 607189.3835227273
1406650259 566216.0439814815
1406650287 600537.7358490566
1406650312 684599.2063492064
1406650350 756777.2727272727
1406650367 712500
1406650412 618865.3846153846
1406650432 620800.7246376812
1406650481 685500
1406650509 690348.4795454545
1406650536 605541.65625
1406650563 541948.7383849558
1406650649 555570.6521739131
1406650655 551486.8421052631
1406650714 451878.2894736842
1406650725 450072.0588235294
1406650790 616270.5882352941
1406650799 607558.5365853659
1406650831 535975
1406650891 515932.296875
1406650927 497034.594634434
1406650950 485769.65639740566
1406650997 467510.775862069
1406651008 478425.53191489365
1406651087 684436.1702127659
1406651091 686611.1101190476
1406651129 656963.7576992754
1406651160 609217.2079918033
1406651190 480953.70659722225
1406651214 407394.9327445652
1406651248 399489.1304347826
1406651282 416114.2857142857
1406651304 429251.23456790124
1406651363 409701.1111111111
1406651373 437398.3333333334
1406651394 437613.63835227274
1406651428 470090.5849184783
1406651440 483529.87883254717
1406651487 488389.9394162736
1406651534 461754.3103448276
1406651545 436805.5572916666
1406651567 424526.320997807
1406651602 474670.29110054346
1406651613 488870.7090992647
1406651670 550669.0600961539
1406651717 532507.1359375
1406651729 464014.2796875
1406651740 456330.4211482558
1406651843 486507.7467296512
1406651858 482912.63004032255
1406651914 428017.0238575269
1406651936 480050
1406651969 582346.7741935484
1406652029 506164.6303353659
1406652051 445013.70787183545
1406652087 383566.4556962025
1406652108 379078.94736842107
1406652151 437192.9876644737
1406652163 465205.6321022727
1406652228 560566.037735849
1406652269 523433.96226415096
1406652281 505440.6779661017
1406652328 448146.551724138
1406652339 438647.0588235294
1406652384 470044.1176470588
1406652447 447925.6801097973
1406652458 447043.234375
1406652527 431298.611328125
1406652530 432122.8813559322
1406652575 479841.10169491527
1406652586 477980.35714285716
1406652631 424214.3382352941
1406652687 394505.51470588235
1406652722 407275.4654947916
1406652755 523435.1901041666
1406652759 525737.3789457071
1406652838 527217.1717171718
1406652854 503071.4285714286
1406652866 478064.2857142857
1406652889 447640.625
1406652935 368671.875
1406652946 365133.334375
1406652990 380185.19039351854
1406653000 380715.81650641025
1406653045 341686.9673477564
1406653068 353875
1406653111 423800
1406653115 430776.59574468085
1406653172 475068.08510638296
1406653205 538400
1406653272 550950.704225352
1406653276 551271.9298245613
1406653288 555254.3755482456
1406653329 517923.38356854836
1406653350 397653.22933467745
1406653360 364682.4376407658
1406653404 461885.13513513515
1406653461 489441.18083639705
1406653472 473383.3385416666
1406653506 415127.97823660716
1406653528 380647.0588235294
1406653540 380204.0816326531
1406653596 464989.79591836734
1406653626 501836.2042025862
1406653654 504698.7127403846
1406653678 484829.996875
1406653714 436173.3009708738
1406653769 406842.23300970875
1406653781 390882.91139240505
1406653826 361506.32911392406
1406653848 344164.47368421056
1406653891 369417.7631578947
1406653902 363014.8819754464
1406653947 353075.7592329546
1406653968 349636.36363636365
1406654013 309523.81473214284
1406654024 310082.5372596154
1406654065 332437.0925245098
1406654075 334121.21212121216
1406654131 355873.1343283582
1406654186 393715.79081156716
1406654209 394020.111799569
1406654244 400257.5724431818
1406654264 416578.9407894737
1406654308 383719.2886513158
1406654320 391987.5527052239
1406654375 488591.87880608975
1406654398 519714.2857142857
1406654495 501313.66459627333
1406654536 441602.8846153846
1406654547 424872.0588235294
1406654604 413812.6582278481
1406654615 408739.65723892406
1406654626 406293.5279850746
1406654671 376539.8001399254
1406654682 378700
1406654726 392442.85714285716
1406654782 391559.52901785716
1406654847 380160.7142857143
1406654892 387875
1406654902 379858.87096774194
1406654923 366538.4615384615
1406654967 393857.14285714284
1406654979 393815.7894736842
1406655024 362613.63636363635
1406655056 353055.9701492537
1406655091 375307.6923076923
1406655134 393667.4180327869
1406655187 381998.7704918033
1406655213 381538.27160493826
1406655268 456008.328125
1406655323 575927.6051551094
1406655384 642475.3649635037
1406655405 646101.6986228814
1406655443 586194.4548611111
1406655477 582202.0279356061
1406655545 648189.3963068181
1406655572 653518.9396306819
1406655575 654113.333125
1406655623 526760.006875
1406655647 500325.2038871951
1406655693 427754.06211890245
1406655705 421583.328125
1406655750 446226.18526785716
1406655761 457998.58236228814
1406655809 437280.5182658451
1406655832 409840.7994402985
1406655865 430210.1998600746
1406655876 428171.64179104473
1406655932 381671.72159090906
1406655942 377957.4514627659
1406656013 481421.98653590423
1406656026 477815.2173913043
1406656049 417565.2173913043
1406656059 409264.0449438202
1406656116 387719.1011235955
1406656138 407615.13157894736
1406656181 524317.4342105263
1406656192 520113.28125
1406656233 348505.203125
1406656245 338425.921875
1406656287 363959.90566037735
1406656298 361708.3333333334
1406656353 339982.14285714284
1406656375 330462.9629629629
1406656407 328197.67441860464
1406656418 334098.1308411215
1406656462 401690.6542056075
1406656514 437790.4109589041
1406656535 446916.6666666666
1406656625 399238.09523809527
1406656640 402607.14285714284
1406656651 406669.0424107143
1406656660 411187.175
1406656704 439861.5375
1406656716 435818.1818181818
1406656770 373809.27835051547
1406656813 385478.7838068182
1406656825 410104.7566964286
1406656848 439391.8097587719
1406656882 444568.1818181818
1406656892 449373.1343283582
1406656949 494088.0681818182
1406656980 492530.1724137931
1406657007 441843.75
1406657052 404169.1176470588
1406657075 445715.6897977941
1406657086 454226.671875
1406657130 426215.9323838495
1406657188 442646.0129977876
1406657199 430966.6625
1406657243 394833.3333333334
1406657265 421275.3623188406
1406657312 526563.5593220339
1406657324 552508.9285714286
1406657368 557125
1406657394 502670.21276595746
1406657429 418990.6914893617
1406657462 374214.2879464286
1406657485 373719.70596590906
1406657506 376887.3963260135
1406657550 399405.40603885136
1406657559 403022.7272727273
1406657604 437261.36363636365
1406657627 430830.7306640625
1406657672 456385.42109375
1406657684 443183.9132543104
1406657730 418888.890625
1406657753 419782.740234375
1406657786 414791.671875
1406657797 417207.14642857143
1406657844 446895.2294642857
1406657856 445754.89338235295
1406657912 414504.22310126584
1406657935 417444.4479166666
1406657969 454847.8322010869
1406657981 487284.3180147059
1406658037 813566.6666666666
1406658041 814578.7875
1406658087 502484.84375
1406658092 480791.6614583333
1406658151 396066.6666666667
1406658162 398625
1406658207 470715.90909090906
1406658217 492282.05128205125
1406658273 537961.5384615385
1406658285 539474.1379310344
1406658331 456925.291487069
1406658343 440701.5555959302
1406658417 412412.9638888889
1406658433 386285.0855263158
1406658443 350640.34210526315
1406658455 333946.9602272727
1406658509 342862.97019974224
1406658552 350344.3396226415
1406658562 376261.90476190473
1406658573 401177.7785416667
1406658627 384777.78229166666
1406658637 379460.7895220588
1406658690 372927.9411764706
1406658712 366128.2894736842
1406658756 357218.19654605264
1406658766 357288.45733173075
1406658808 363965.3846153846
1406658818 370980.95238095237
1406658871 437146.8253968254
1406658881 439100.7462686567
1406658927 367497.50722947763
1406658938 362002.55889423075
1406658992 390856.0553977273
1406659004 392689.390625
1406659048 335828.2864583334
1406659058 331953.90591755323
1406659103 375329.78723404254
1406659168 325446.8085106383
1406659189 326400.00198863633
1406659223 336492.0729166666
1406659231 344376.35383064515
1406659285 430166.66322115384
1406659296 435227.97098214284
1406659341 379897.1469983553
1406659372 343733.1089583333
1406659416 339861.10590277775
1406659426 347308.5540540541
1406659469 365402.0255489865
1406659490 377806.8181818182
1406659535 368785.447761194
1406659557 359310.1870039683
1406659588 324287.04141865077
1406659598 329002.1419604701
1406659652 361047.00854700856
1406659705 422998.7373737374
1406659751 414011.81949626864
1406659772 407823.648619186
1406659794 417750.003125
1406659827 376812.5
1406659838 375935.18518518517
1406659881 495082.2784810127
1406659917 554088.2352941176
1406659962 473573.5294117647
1406659966 472958.5106382979
1406660009 460988.13559322036
1406660025 464172.131147541
1406660070 488597.8192934783
1406660094 487616.65625
1406660130 441291.6640625
1406660142 452150
1406660210 784904.7619047619
1406660226 853063.4920634921
1406660249 632404.7619047619
1406660273 713189.6551724138
1406660307 716552.6315789474
1406660311 704658.7301587302
1406660370 533427.8169014085
1406660382 521448.5294117647
1406660472 659176.0948905109
1406660488 534312.9562043796
1406660519 584855.1859631147
1406660549 631030.2926136364
1406660574 647246.0238095238
1406660620 606542.0601190476
1406660654 640623.0158730159
1406660671 593059.5238095238
1406660683 605467.3913043479
1406660740 576255.859375
1406660747 569724.0566037736
1406660793 524275.8620689655
1406660805 516150
1406660843 530051.0204081633
1406660854 525229.1666666666
1406660903 433167.25352112675
1406660925 401856.884057971
1406660972 377669.64285714284
1406660995 365512.5
1406661030 364950
1406661042 366574.62593283586
1406661087 377354.4731809702
1406661097 389492.6839364035
1406661144 414288.05844907404
1406661178 382962.6840018657
1406661211 347750
1406661222 343958.3333333334
1406661266 388791.6666666666
1406661277 383589.552238806
1406661333 361858.2089552239
1406661344 375593.56825657893
1406661389 504667.25657894736
1406661447 587821.9151785714
1406661459 631383.3421875
1406661527 928758.661
1406661568 894929.3242500001
1406661584 884714.0246710526
1406661663 584503.0483993902
1406661666 576093.75
1406661690 539260.421875
1406661703 538159.4247622283
1406661749 498076.0888247283
1406661782 508556.96202531643
1406661806 390628.6971914557
1406661828 389533.334375
1406661861 391916.6640625
1406661894 380727.42074092745
1406661927 388538.16960685485
1406661985 389594.95412844035
1406662036 393528.5714285714
1406662048 379130.4347826087
1406662059 369589.2857142857
1406662115 398782.46753246756
1406662125 402765.1515151515
1406662170 448083.3333333334
1406662181 450123.786407767
1406662228 478670.87378640776
1406662273 439095.5223880597
1406662295 381632.3529411765
1406662307 385294.77611940296
1406662362 546298.6111111111
1406662379 574970.7792207792
1406662403 598532.4675324676
1406662439 720764.705882353
1406662476 985161.7647058824
1406662505 984921.875
1406662533 733984.375
1406662540 726255.2083333333
1406662599 868406.25
1406662629 916489.7959183673
1406662657 859846.9387755102
1406662697 853719.512195122
1406662708 872054.8780487805
1406662739 866910.7142857143
1406662797 979017.8571428572
1406662806 922261.3647017046
1406662826 707064.3973721591
1406662841 581707.656762295
1406662887 463528.7419181034
1406662899 450208.8397966868
1406662947 469877.5114834338
1406662970 435666.6666666666
1406663016 371017.5438596491
1406663027 370613.8888888889
1406663061 420544.64285714284
1406663083 451126.0148628049
1406663132 509582.82069359755
1406663143 515234.06341911765
1406663189 541182.5928308824
1406663200 556480.7645733173
1406663293 754180.1652892563
1406663302 822850.826446281
1406663321 801725
1406663378 590691.304347826
1406663390 578766.6666666667
1406663423 589233.5526315789
1406663539 414115.13157894736
1406663542 415865.38401442306
1406663553 426371.7920673077
1406663565 431885.052262931
1406663611 389849.4141995614
1406663622 390381.6964285714
1406663667 421017.85714285716
1406663713 386125
1406663725 353451.0869565217
1406663736 398008.5440705128
1406663803 832969.2348300971
1406663839 830574.0625
1406663884 903583.3333333334
1406663893 954982.1428571428
1406663912 908160.7142857143
1406663921 832447.3684210526
1406663966 598684.2105263157
1406663969 589720
1406664029 573786.65625
1406664041 571933.325
1406664089 540354.8387096773
1406664134 499200.9345794392
1406664150 427241.8224299066
1406664196 389375
1406664207 422315.2173913043
1406664219 418681.0344827586
1406664265 415087.7192982456
1406664276 419836.0215053763
1406664354 411400.53763440857
1406664358 412934.2105263158
1406664392 425172.22222222225
1406664403 419638.39285714284
1406664448 408352.9411764706
1406664471 433239.4366197183
1406664502 478605.6338028169
1406664519 504911.61884469696
1406664568 541060.6164772727
1406664596 488994.95549242425
1406664630 480637.6268939394
1406664634 475178.2786885246
1406664691 465456.52173913043
1406664703 457622.3021582734
1406664752 763955.035971223
1406664830 566707.4468085107
1406664846 534040.3225806451
1406664869 539395.1612903227
1406664892 547968.4210526316
1406664960 597081.5789473684
1406664964 601444.4444444445
1406664987 691979.15625
1406665032 750016.6625
1406665058 787785.5549999999
1406665062 784648.8764044944
1406665143 717351.1235955056
1406665147 705367.6470588236
1406665171 643323.5294117647
1406665194 618716.3095079787
1406665231 760542.5465425532
1406665265 767401.350127551
1406665295 643265.306122449
1406665329 559566.6666666666
1406665346 506251.89873417723
1406665408 413971.5022644928
1406665415 416107.89994517545
1406665476 402571.9298245614
1406665522 413986.0215053763
1406665569 416226.76056338026
1406665590 495340.8450704225
1406665593 495931.8181818182
1406665653 448193.1818181818
1406665700 583718.75
1406665734 892531.25
1406665737 903050
1406665762 757300
1406665799 769833.328125
1406665836 590723.4744318181
1406665843 551815.1417613637
1406665889 454490.9036931818
1406665946 373958.69565217395
1406665958 381941.1764705882
1406666052 633022.0588235294
1406666078 704602.9411764706
1406666082 710555.5555555555
1406666156 818833.3333333333
1406666159 810727.2727272727
1406666204 478636.36363636365
1406666211 488238.09375
1406666253 716678.4209558824
1406666296 684144.9796747968
1406666302 640913.262449187
1406666363 506529.8091971545
1406666376 475370.6896551724
1406666421 448312.5
1406666432 450779.4117647059
1406666489 555457.8313253012
1406666515 569273.3333333334
1406666549 465456.1797752809
1406666604 471515.7786885246
1406666614 487385.3194159836
1406666671 832070.4040948276
1406666701 927519.2307692308
1406666774 880820.1923076923
1406666790 646047.1153846154
1406666801 646936.6197183098
1406666848 679461.2676056338
1406666861 747552.4641203703
1406666902 996587.4108606557
1406666922 940059.1239919355
1406666964 505901.9512867647
1406666973 445789.73317307694
1406667029 372353.2234141791
1406667040 370123.124766791
1406667096 366176.664375
1406667140 316416.6666666666
1406667152 330825.75757575757
1406667162 325051.94805194804
1406667207 387285.7142857143
1406667229 396700
1406667262 378531.25
1406667273 371217.6966292135
1406667329 388814.606741573
1406667351 387086.95652173914
1406667397 402586.95652173914
1406667421 413992.5391791045
1406667453 494482.5914179104
1406667464 520466.671875
1406667508 719133.334375
1406667519 736998.2142857143
1406667610 523460.7142857143
1406667648 429750
1406667672 387750
1406667683 367625
1406667692 361576.4705882353
1406667747 355988.23529411765
1406667768 347385.1366131757
1406667811 362126.1254222973
1406667821 357432.29248046875
1406667875 312274.3598557692
1406667886 319850
1406667930 413106.4067307692
1406667951 411359.1901939655
1406667988 379916.6640625
1406668025 423202.95388104836
1406668050 409942.703125
1406668073 376581.8140625
1406668157 466804.5453125
1406668160 462593.75
1406668173 421833.3333333334
1406668184 392951.49253731343
1406668229 328798.50746268657
1406668240 320533.0188679245
1406668282 319743.24324324325
1406668314 306445.9459459459
1406668346 313091.8918918919
1406668356 309065.7400173611
1406668408 261300.92404513888
1406668418 265796.5658318015
1406668468 311862.7465533088
1406668533 446707.1080537684
1406668544 452100
1406668588 428203.7037037037
1406668598 417153.50945723685
1406668642 363828.95106907893
1406668664 351631.7881540698
1406668707 373315.1162790698
1406668728 374150
1406668770 353180.55555555556
1406668782 357756.5789473684
1406668834 457118.4210526316
1406668846 461339.2857142857
1406668890 440472.21875
1406668912 412865.7355324074
1406668944 333765.20907738095
1406668975 300807.37704918033
1406669005 305750
1406669015 304097.22222222225
1406669067 303652.77777777775
1406669077 298566.8316831683
1406669127 265900.9900990099
1406669168 249086.0655737705
1406669188 264493.9024390244
1406669209 283511.320754717
1406669241 287904.8780487805
1406669291 261561.75076844264
1406669302 259936.5078125
1406669312 265898.3020391949
1406669361 270354.4434895833
1406669372 279956.5068493151
1406669434 392329.6666666666
1406669489 503733
1406669522 511921.05263157893
1406669546 494042.85714285716
1406669557 481866.665625
1406669601 394360.35515202704
1406669631 354022.51731418923
1406669675 351987.1742788461
1406669696 365785.2533052885
1406669727 389213.18204941857
1406669739 385432.296875
1406669791 308858.46651785716
1406669802 312481.48148148146
1406669845 381220.5882352941
1406669887 374916.6666666666
1406669908 344294.3548387097
1406669949 297659.83606557373
1406669969 323500
1406669989 381660.11235955055
1406670034 561124.5214185393
1406670058 564416.6607142857
1406670090 525022.7272727273
1406670113 555340.9090909092
1406670167 892583.3125
1406670200 990175.234375
1406670222 944236.515625
1406670235 997831.7635613207
1406670275 977206.1507675438
1406670349 751486.669375
1406670375 949650
1406670384 1033125
1406670419 1119486.301369863
1406670457 1062833.3333333333
1406670464 1039446.4831804282
1406670509 921102.4464831804
1406670599 879414.373088685
1406670724 782458.7155963304
1406670784 652921.0526315789
1406670800 605071.4285714286
1406670812 550750
1406670824 520974.5741525424
1406670871 522049.9895833334
1406670884 503435.3367456896
1406670929 394750
1406670971 316693.3920990566
1406670982 311505.94717261905
1406671044 362277.38095238095
1406671055 368783.908045977
1406671109 483582.183908046
1406671131 461451.75438596494
1406671166 374656.25
1406671187 368167.47572815535
1406671228 420858.7378640777
1406671269 451117.9245283019
1406671291 388643.39622641506
1406671334 466505.46875
1406671344 528669.53125
1406671355 546369.1176470588
1406671412 468031
1406671455 388054.24528301886
1406671465 408263.8888888889
1406671509 680882.3529411765
1406671533 733250
1406671557 695364.2857142857
1406671591 800609.5133928572
1406671603 769419.7442129629
1406671649 620139.9043209876
1406671672 524983.3272727273
1406671704 482813.63636363635
1406671716 508952.2369402985
1406671771 600524.9895833334
1406671782 583926.0475352113
1406671830 530535.2095070423
1406671842 506753.6222826087
1406671887 545329.7058423914
1406671899 534171.0485197369
1406671944 513071.4369419643
1406671955 515251.2915865385
1406672009 543975.7602272728
1406672065 583090.9090909092
1406672075 589952.380952381
1406672086 573300
1406672130 432013.15789473685
1406672162 383564.81481481483
1406672184 385385.4130859375
1406672194 388427.078125
1406672248 375671.0666273585
1406672300 392655.55555555556
1406672311 432412.6956845238
1406672321 467379.6244212963
1406672365 482937.4988839286
1406672377 473950.58066860464
1406672430 409388.56195494183
1406672451 396521.8874470339
1406672493 392065.6779661017
1406672548 426041.6666666666
1406672559 429883.3327302631
1406672613 351166.65789473685
1406672643 335236.1028645834
1406672675 402976.85112847225
1406672685 389519.60784313723
1406672727 341401.96078431373
1406672777 301142.85714285716
1406672787 350696.4285714286
1406672797 353475.8064516129
1406672849 361650.81967213115
1406672858 360050
1406672911 328900
1406672961 293688.13559322036
1406672970 291769.23076923075
1406673000 301176.05633802817
1406673031 308149.647887324
1406673041 315493.8717830882
1406673091 320338.2306985294
1406673099 326527.4457720588
1406673142 311286.29922945204
1406673172 293578.6859631147
1406673203 308164.84986413043
1406673264 350510.98729395604
1406673273 329557.69110576925
1406673294 327907.2580645161
1406673325 289032.2580645161
1406673335 299523.81026785716
1406673395 426992.7588315217
1406673404 420747.5533088235
1406673446 320291.6666666666
1406673467 310842.21311475406
1406673507 366411.231884058
1406673536 398438.52459016396
1406673568 415960.52631578944
1406673612 419712.962962963
1406673622 404145.8333333334
1406673660 340148.30508474575
1406673681 321562.9032258064
1406673691 319893.03797468357
1406673750 336756.96202531643
1406673760 341109.4208559783
1406673811 333630.7953464674
1406673842 337322.40701844264
1406673872 366830.60373975406
1406673903 407439.0994591346
1406673924 406150.4012957317
1406673985 430113.144806338
1406673995 434523.5294117647
1406674049 356795.5882352941
1406674070 356737.98076923075
1406674101 373142.85714285716
1406674112 374074.07407407404
1406674173 368333.3385416666
1406674182 373239.2517641129
1406674224 466952.9579133064
1406674235 483563.15283203125
1406674288 617270.84375
1406674299 633700.5043316832
1406674354 572202.963490099
1406674389 578900.9610507246
1406674412 611012.075634058
1406674423 604904.7608816964
1406674468 537069.9352678572
1406674479 534333.33125
1406674523 554750.017578125
1406674543 555256.4278846154
1406674588 581176.6203358208
1406674610 592800
1406674643 557214.84375
1406674674 548476.9736842106
1406674708 615338.8157894737
1406674719 616591.9540229884
1406674764 593445.4022988506
1406674795 601811.6438356164
1406674837 639636.7965801887
1406674890 590553.4684551887
1406674901 577858.34375
1406674945 480609.61875
1406674966 469270.0471698113
1406675008 493810.141509434
1406675051 528346.5909090909
1406675074 539791.65625
1406675096 526409.3503289474
1406675131 472463.8157894737
1406675172 473972.65625
1406675195 495073.2286931818
1406675205 498487.1742788461
1406675250 477054.4819711539
1406675273 495999.9969308036
1406675306 498375
1406675317 486486.1111111111
1406675374 558611.1215277778
1406675396 509550.00625
1406675429 407280.76923076925
1406675461 360948.11320754717
1406675482 400348.83466569765
1406675504 448293.64558531746
1406675545 387938.6780660377
1406675557 368390.625
1406675609 365715.04939516133
1406675619 371701.7491776316
1406675672 405321.05263157893
1406675704 440034.2465753425
1406675724 398193.15068493155
1406675745 410624.45652173914
1406675786 353179.3478260869
1406675816 364187.5
1406675848 365770.8333333334
1406675858 364487.8048780488
1406675910 302899.39024390245
1406675930 294510.7142857143
1406675969 302750.35714285716
1406675980 302722.54901960783
1406676030 302406.8627450981
1406676071 300327.868852459
1406676081 314038.9344262295
1406676091 313140.625
1406676150 293807.8125
1406676161 296902.3801339286
1406676201 298592.8533482143
1406676220 309608.328125
1406676272 322975
1406676281 320095
1406676332 269314.08450704225
1406676352 256011.11111111112
1406676392 264808.3333333333
1406676422 267225
1406676442 283591.66875
1406676472 290171.30150462966
1406676512 289144.1358024691
1406676523 284940.9515625
1406676573 283536.1859375
1406676582 287509.7987132353
1406676624 310019.6112132353
1406676633 309566.671875
1406676684 334075.00078125
1406676693 335181.338028169
1406676755 285288.04347826086
1406676785 293870
1406676805 342078.0487804878
1406676826 391421.64634146343
1406676866 371403.35365853657
1406676887 374278.6131400602
1406676929 291210.8394201807
1406676949 286760.86435688403
1406676989 323782.60869565216
1406676998 328193.75
1406677049 347210.16483516485
1406677089 333934.83173076925
1406677107 284553.4278846154
1406677127 270662.56057098764
1406677169 268062.24402006174
1406677188 265673.4375
1406677229 305543.75
1406677249 309214.12605932204
1406677288 317870.7576530612
1406677298 326166.6763392857
1406677349 355100.0006696428
1406677358 363536.2903225806
1406677411 342094.0904737903
1406677420 331396.671875
1406677471 299224.6932870371
1406677501 304210.989010989
1406677532 287822.346926511
1406677562 305857.8442095588
1406677583 297487.0689655172
1406677591 296142.2413793104
1406677641 364347.52747252746
1406677682 431275.3968253968
1406677704 457748.14814814815
1406677736 436935.51639344264
1406677765 369391.665234375
1406677776 353765.0470920139
1406677826 308859.9529079861
1406677837 308488.37209302327
1406677887 301079.4625726744
1406677947 315372.0930232558
1406677955 314833.8983050848
1406678006 332278.0487804878
1406678037 351770.4918032787
1406678067 373583.3359375
1406678097 387376.3518145161
1406678129 332358.9783653846
1406678149 298214.2857142857
1406678189 284476.20089285716
1406678199 285593.2298728813
1406678248 295719.8045742754
1406678268 298666.6614583334
1406678309 304416.6666666666
1406678338 325417.5
1406678369 355100
1406678378 361744.26152663934
1406678430 377655.90877016133
1406678440 383477.12101715687
1406678481 410575.98560049024
1406678491 402033.2323971519
1406678552 326456.7515822785
1406678560 327283.3333333334
1406678612 432565.5737704918
1406678621 435471.2837837838
1406678675 358048.9864864865
1406678686 342858.3333333334
1406678735 280587.5
1406678756 271492.6470588235
1406678786 290562.5
1406678796 298985.65573770495
1406678847 329831.25
1406678876 342741.4285714286
1406678908 348187.14285714284
1406678917 355796.6101694915
1406678967 383081.9672131147
1406678978 374998.41269841266
1406679030 328942.06856796116
1406679081 315271.85271516396
1406679091 311260.412109375
1406679151 250822.916015625
1406679161 247047.9768786127
1406679230 262129.01734104048
1406687781 330854.0462427746
1406687801 324277.73109243694
1406687851 276947.0588235294
1406687900 241735
1406687911 243916.66953125
1406687920 249789.74879807694
1406687971 260853.84615384616
1406688024 251448.07692307694
1406688041 256649.62121212122
1406688090 269781.25
1406688121 272902.77777777775
1406688149 266347.22222222225
1406688180 263672.131147541
1406688210 243313.72702205883
1406688231 240441.67109375
1406688270 250260.20982142858
1406688280 250979.5125512295
1406688321 278937.1593237705
1406688331 282048.3870967742
1406688383 298875
1406688411 312724.1379310345
1406688441 319434.06593406596
1406688502 298100.352112676
1406688512 286625
1406688532 266743.64406779665
1406688571 258099.1379310345
1406688590 280199.07407407404
1406688625 351389.42307692306
1406688642 343364.0350877193
1406688682 276350
1406688692 271466.10169491527
1406688741 255197.46376811594
1406688761 252543.03278688525
1406688802 243970
1406688811 242987.5
1406688862 269610.71049107146
1406688881 274277.77400362317
1406688931 276985.23536392406
1406688960 276219.4471354167
1406688991 268503.0487804878
1406689001 265365.1960784314
1406689042 232891.07142857142
1406689071 217986.4406779661
1406689101 226885.36585365853
1406689112 233784.15394467214
1406689162 290952.3861607143
1406689182 307032.7886782787
1406689223 313703.22608418367
1406689231 314361.28223892406
1406689291 299508.43809335446
1406689302 296298.7288135593
1406689341 286683.6210275424
1406689350 284462.445862676
1406689412 309319.44444444444
1406689422 311360
1406689462 265800
1406689482 240571.18644067796
1406689521 259145.7627118644
1406689541 287593.41435185185
1406689592 344486.62094907404
1406689602 349127.3103298611
1406689643 338774.3092447916
1406689664 320765.2634242958
1406689714 277378.60281635803
1406689745 271709.15349264705
1406689765 281390.8098060345
1406689774 284705.95658482146
1406689835 279368.4497767857
1406689844 275066.66453125
1406689885 228559
1406689894 223313.63636363635
1406689953 238036.36363636365
1406689973 249363.41463414635
1406690015 327953.2572408536
1406690035 332300.003125
1406690065 303839.2857142857
1406690105 285125
1406690125 323125
1406690135 341712.6427801724
1406690183 356316.93468237703
1406690196 361564.02000762196
1406690255 374252.02667682926
1406690265 368565.3563112745
1406690306 319373.671875
1406690365 303624.244140625
1406690394 322730.55555555556
1406690426 410319.44444444444
1406690437 415685
1406690486 399569.4486979167
1406690497 385320.9575892857
1406690547 316082.85714285716
1406690556 300443.75
1406690607 267325
1406690627 249341.66666666666
1406690667 269458.3333333334
1406690687 278247.8813559322
1406690726 256671.875
1406690767 250683.60655737703
1406690787 255768.9655172414
1406690796 254864.40638241527
1406690846 242166.6640625
1406690856 243145.8310546875
1406690907 248356.24677734374
1406690926 254631.640625
1406690966 281926.328125
1406690976 292459.67741935485
1406691028 378077.95262096776
1406691038 376111.1067708334
1406691088 299957.6271186441
1406691097 296474.57468220335
1406691147 321333.3229166666
1406691157 324584.6890368853
1406691208 300730.9495535714
1406691227 284927.7794270833
1406691268 270202.6112132353
1406691278 275907.0986168033
1406691329 312377.9747767857
1406691348 310545.8345703125
1406691389 307083.33203125
1406691409 293327.6853813559
1406691448 263806.66781250003
1406691459 264305.08474576275
1406691507 304508.4788135593
1406691518 310295.2433035714
1406691568 346319.0424107143
1406691577 345238.258362676
1406691628 362574.529709507
1406691639 361587.5
1406691689 372962.5
1406691698 372709.375
1406691748 356094.796875
1406691769 336273.44968220335
1406691807 286127.5862068966
1406691827 282647.4163732394
1406691869 301643.66263204225
1406691878 315209.74496822036
1406691928 449113.09375
1406691948 472786.2903225806
1406691990 398693.5483870968
1406692010 385166.6651785714
1406692048 544099.9852678571
1406692060 541061.6299229453
1406692110 424776.8249143836
1406692121 403330.5084745763
1406692169 321007.25
1406692190 311079.171875
1406692222 313779.1614583334
1406692229 317026.95611213235
1406692290 313651.4084507042
1406692300 303714.2857142857
1406692351 252732.14285714284
1406692360 262467.39266304346
1406692411 453365.95108695654
1406692420 462804.4975961539
1406692463 352225.6308962264
1406692473 330733.4337349398
1406692527 313743.9759036144
1406692546 296137.5
1406692587 276431.37254901964
1406692597 276875
1406692647 282678.5714285714
1406692667 282566.9014084507
1406692708 275991.54929577466
1406692718 274160
1406692767 283034
1406692808 266221.31147540984
1406692828 309009.8039215686
1406692859 403750
1406692890 340658.5365853659
1406692900 311314.3453322785
1406692950 323219.4001186709
1406692969 320494.343220339
1406693009 345539.2156862745
1406693020 344428.96080942627
1406693070 328415.25344279665
1406693079 327774.647887324
1406693131 277628.1690140845
1406693141 273438.9830508474
1406693190 268165.25423728814
1406693200 267105.9322033898
1406693249 253197.22434895835
1406693260 254128.4179047131
1406693310 279522.7286931818
1406693370 333867.6470588235
1406693412 351985.29411764705
1406693421 337198.275862069
1406693470 280683.3296875
1406693491 302264.3626077586
1406693499 305339.995625
1406693541 250919.11764705883
1406693550 238012.5
1406693601 219949.99833984376
1406693630 235508.43621439874
1406693669 240715.18987341772
1406693680 250508.06451612903
1406693731 271438.5593220339
1406693739 266091.6666666666
1406693791 228825
1406693809 226500
1406693849 221583.3333333333
1406693869 221423.07692307694
1406693901 213460
1406693919 219512.5
1406693961 261816.17647058825
1406693970 261975
1406694021 232998.59550561797
1406694059 215604.1666666667
1406694081 208646.6678125
1406694109 203358.97696314103
1406694150 194384.61538461538
1406694159 191728.81355932204
1406694209 176564.81481481483
1406694240 190188.96941021126
1406694270 257234.74625880283
1406694280 269766.671875
1406694330 282674.0763888889
1406694370 266266.6666666666
1406694390 276814.2857142857
1406694440 303491.30434782605
1406694450 267969.5652173913
1406694459 273800
1406694502 297100
1406694510 301696.6101694915
1406694561 268808.3333333334
1406694600 257661.81818181818
1406694630 269920.90909090906
1406694671 279353.5714285714
1406694682 259314.2857142857
1406694700 251403.84615384616
1406694749 217419.8717948718
1406694760 215803.2786885246
1406694810 256708.3333333333
1406694820 261541.6666666667
1406694870 238486.11328125
1406694880 227497.17730402542
1406694929 196858.3333333333
1406694940 203325.26927923388
1406694991 229776.4370959052
1406694998 229358.89830508473
1406695050 239028.2258064516
1406695060 239980.93220338982
1406695109 209525
1406695130 203330
1406695169 228128.57142857142
1406695179 231186.4406779661
1406695228 231778.68852459016
1406695240 232190.14084507042
1406695290 258482.39436619717
1406695299 255006.25
1406695350 206166.6666666667
1406695389 180287.03703703702
1406695408 178484.56790123455
1406695431 189448.0893954918
1406695469 223421.72238005052
1406695530 207681.0732060185
1406695550 204900.7516678371
1406695590 228902.24719101124
1406695619 248455.69620253163
1406695650 251078.16455696203
1406695669 257452.0833333333
1406695701 221443.75
1406695710 223104.34782608697
1406695770 231363.2911392405
1406695789 224849.44361979165
1406695830 206991.6640625
1406695859 201537.5805759804
1406695881 204869.65665064103
1406695898 211117.5193309295
1406695950 244006.41256009616
1406695959 247333.33527728874
1406696001 286374.9962588028
1406696021 296411.7610294118
1406696069 352728.575
1406696091 359738.8921875
1406696129 301806.1224489796
1406696140 313822.328125
1406696182 467901.96599264705
1406696191 489578.7083333333
1406696254 504262.9635416667
1406696263 502357.6271186441
1406696313 305227.868852459
1406696324 276229.4434895833
1406696373 271185.02304025425
1406696383 265212.43683978874
1406696424 280908.4544454225
1406696444 265784.1565061475
1406696485 239688.77551020408
1406696493 240077.58620689655
1406696543 260154.83217592593
1406696574 270022.93931159424
1406696612 259530.60586734692
1406696623 255935.89332932694
1406696664 258616.6666666667
1406696713 245336.95652173914
1406696733 245483.3333333333
1406696743 285613.8888888889
1406696793 568708.3333333334
1406696805 602520.8333333334
1406696846 364623.25868055556
1406696865 329400.6908854167
1406696906 245140
1406696915 235044.11764705883
1406696966 232669.11764705883
1406696974 234523.14814814815
1406697025 241492.59259259258
1406697074 252669.58173828124
1406697095 216070.8310546875
1406697105 217208.3307291667
1406697144 224387.5026041667
1406697155 226264.0867077465
1406697215 212819.62025316455
1406697234 203538
1406697265 199880
1406697284 205127.61975446428
1406697335 220316.94249487703
1406697345 225150.32889093139
1406697386 241721.0144927536
1406697414 255974.63768115942
1406697455 313431.338028169
1406697485 331350
1406697505 296982.45888157893
1406697523 284566.671875
1406697567 360988.8888888889
1406697595 360115.3846153846
1406697625 262221.1538461539
1406697645 268541.6666666666
1406697685 356834.18367346935
1406697694 361643.75
1406697745 302530.2197802198
1406697785 293583.3333333334
1406697805 307333.3333333334
1406697824 316675
1406697875 310750
1406697905 327791.6640625
1406697935 349270.83203125
1406697945 344902.7786458334
1406697995 276464.68564618647
1406698004 265450.9751838235
1406698046 232415.29892418033
1406698065 229399.72899728996
1406698105 255475.47425474256
1406698295 267339.42829014227
1406698374 288444.4392361111
1406698405 257618.56368563685
1406698415 269312.5
1406698476 357693.75
1406698485 357835.44303797465
1406698535 244435.1265822785
1406698555 217655.61224489796
1406698584 214205.1282051282
1406698594 228552.81690140846
1406698655 373674.50495049503
1406698695 387638.6096938775
1406698704 352067.9876644737
1406698714 320667.257262324
1406698775 355310.1138392857
1406698784 362543.32906250004
1406698825 347180.39215686277
1406698835 336964.70588235295
1406698886 338857.56525735295
1406698955 323841.17647058825
1406698995 299196.2962962963
1406699016 384935.17997685185
1406699036 359437.071747449
1406699065 334484.375
1406699076 332295.8333333334
1406699125 300456.21901483054
1406699135 295638.89453125
1406699185 252166.66796875
1406699195 245774.26127373418
1406699246 255131.32970727846
1406699264 249903.09041432582
1406699315 223441.0132549157
1406699335 224183.3359375
1406699365 260565.04134908537
1406699376 266585.4166666667
1406699436 223160.4166666667
1406699485 193086.6666666667
1406699496 192565.47578125
1406699555 214507.24377264493
1406699565 220491.7672646605
1406699615 288783.955150463
1406699636 290108.33671875
1406699666 251275.00078125
1406699675 247601.69451800847
1406699725 232629.9386917373
1406699734 229351.84722222222
1406699786 298069.9653742284
1406699806 278809.5301339286
1406699844 244289.28660714286
1406699856 231266.54929577466
1406699906 234231.338028169
1406699915 228942.61363636365
1406699975 187826.70454545453
1406699994 180633.3333333333
1406700035 188491.6666666667
1406700054 192223.80881696427
1406700095 200285.71205357142
1406700105 204084.38558148732
1406700155 255256.32911392406
1406700174 259770.8333333333
1406700215 247058.82352941175
1406700225 243200
1406700265 232779.66101694916
1406700284 232739.40677966102
1406700324 238554.73651960783
1406700335 246161.0739329268
1406700396 282421.7459984756
1406700406 284463.2323069853
1406700454 178953.4317555147
1406700464 180100
1406700504 239147.0588235294
1406700515 254098.3606557377
1406700565 243680.5533854167
1406700575 234264.4901494565
1406700634 238125.51369598764
1406700656 241431.3725490196
1406700685 219410.52631578947
1406700694 213084.37529296876
1406700755 184322.9189453125
1406700765 184292.19669699366
1406700804 206748.41772151898
1406700834 221562.5
1406700864 240817.30919471153
1406700886 239634.2610677083
1406700926 209268.5162760417
1406700936 204074.07118055556
1406700997 183121.75460069446
1406701016 179787.3519665948
1406701055 187506.66609374998
1406701066 189622.54901960783
1406701106 177750
1406701126 178347.45762711862
1406701165 205057.5
1406701176 207786.97183098592
1406701227 176299.2957746479
1406701236 177620.25316455698
1406701285 223511.07594936708
1406701306 224793.47826086957
1406701346 242007.25158514493
1406701354 235788.89375
1406701406 201046.45069159835
1406701415 198951.1927455357
1406701476 196275.3164556962
1406701494 197714.28638392856
1406701526 206095.23995535716
1406701546 206160.92214439655
1406701584 205580.000625
1406701596 203833.3333333333
1406701646 207888.88888888888
1406701656 206363.3875512295
1406701707 208304.59509698275
1406701714 211643.15955528847
1406701765 229495.71935096153
1406701785 240238.08816964284
1406701826 227992.85680803572
1406701835 226956.25
1406701886 215514.342085041
1406701896 215145.8307291667
1406701956 222104.1666666667
1406702006 221791.6685267857
1406702026 233146.74173460144
1406702075 272018.44313524594
1406702087 266990.3846153846
1406702127 234302.610479798
1406702186 230684.83363381412
1406702205 230327.56893028846
1406702255 249529.4884014423
1406702316 254215.27777777778
1406702345 262567.79661016946
1406702366 228470.33898305084
1406702375 229282.60903532608
1406702426 209884.06283967392
1406702435 210847.921875
1406702486 220875
1406702506 222851.85243055556
1406702547 230939.81397569444
1406702576 239425
1406702605 246856.25
1406702616 260798.3532021605
1406702666 413609.0495756173
1406702686 498244.43645833334
1406702729 780169.99125
1406702741 798696.7985372341
1406702786 646872.3321143617
1406702851 500014.78512854606
1406702870 451098.55381944444
1406702914 446558.334375
1406702925 464713.11475409835
1406702975 428541.6666666666
1406702985 412150
1406703035 357622.22222222225
1406703075 309894.3820224719
1406703095 277516.57303370786
1406703124 272283.89830508473
1406703154 278250.00390625
1406703164 275380.9575892857
1406703213 256297.6138392857
1406703224 248346.70331790124
1406703265 211157.91994598764
1406703294 187883.3333333333
1406703325 186075
1406703354 196406.25
1406703385 203575
1406703394 202228.81355932204
1406703444 185597.45762711862
1406703453 188972.45762711862
1406703503 219375
1406703514 221005.4640112705
1406703564 229249.9973958333
1406703574 232055.552734375
1406703635 274427.7736328125
1406703684 264810.02304025425
1406703694 262388.28057065216
1406703753 275331.94444444444
1406703784 258401.40845070424
1406703814 211725.35211267605
1406703824 207047.10144927536
1406703862 215326.08695652173
1406703883 229701.61290322582
1406703924 285597.17741935485
1406703945 322571.875
1406703995 368908.48214285716
1406704036 416773.3918128655
1406704066 377229.5321637427
1406704166 454317.4846625767
1406704229 450384.4827586207
1406704282 381094.3808358434
1406704291 400716.0681475904
1406704312 379840.0589717742
1406704342 412944.89768145164
1406704353 405884.263671875
1406704414 381634.0579710145
1406704422 381015.306122449
1406704463 386317.3076923077
1406704474 385032.967032967
1406704534 347008.2417582418
1406704554 341625
1406704584 370437.5
1406704614 397250
1406704644 470375
1406704654 484766.12903225806
1406704706 433861.1111111111
1406704717 415820.60264756944
1406704767 354179.39735243056
1406704778 342956.2850922131
1406704828 339583.3359375
1406704878 351958.3333333334
1406704888 351107.14285714284
1406704899 348306.9434895833
1406704948 335988.8794270833
1406704959 336254.0236895161
1406705010 379745.5380859375
1406705071 435181.0053763441
1406705103 430662.16216216213
1406705134 374923.42863175675
1406705145 377641.0297475961
1406705186 408889.1129032258
1406705207 408444.67392418033
1406705247 428635.934170082
1406705268 439516.2795410156
1406705301 364113.27685546875
1406705311 368865.60585387325
1406705372 405077.0089285714
1406705423 387443.54410282255
1406705434 380583.328125
1406705445 373976.41096698114
1406705487 367289.0625
1406705509 375573.4375
1406705551 385946.77419354836
1406705602 396938.892578125
1406705613 381379.6341145834
1406705623 378978.3157106164
1406705666 367876.7123287671
1406705686 353051.64172535215
1406705726 345988.25330105633
1406705737 339225.26493818685
1406705787 325321.97630494507
1406705817 330233.3359375
1406705847 370766.671875
1406705867 387361.1145833334
1406705907 377583.3333333334
1406705927 361770.5298913043
1406705967 306561.589673913
1406705976 297702.8933423913
1406706027 260380.4347826087
1406706036 263987.50078125
1406706087 345091.671875
1406706096 348179.6021012931
1406706145 307594.2028985507
1406706165 315791.6666666666
1406706207 363354.1666666666
1406706217 384083.3333333334
1406706268 445458.3333333333
1406706309 494901.9791239754
1406706330 361560.10143442627
1406706390 348854.15625
1406706410 347208.32421875
1406706450 341708.33203125
1406706470 348866.6666666666
1406706510 354766.6666666666
1406706530 335955.5572916666
1406706570 336103.29159330984
1406706601 365916.671875
1406706621 318516.12903225806
1406706632 324756.8324795082
1406706682 369452.3839285714
1406706702 381944.4427083334
1406706742 377534.4811422414
1406706760 367255.7142857143
1406706812 325040.099009901
1406706861 300240.6900275735
1406706872 314662.7444852941
1406706880 313758.4547101449
1406706932 299355.0665760869
1406706941 311060.82906250004
1406706982 389200
1406706991 393518.75078125
1406707042 365109.5328125
1406707061 347092.9049692623
1406707103 340941.1773897059
1406707112 344341.7721518987
1406707172 370453.5812895569
1406707182 365631.1431864754
1406707233 325877.77777777775
1406707263 341903.2786885246
1406707294 406750
1406707325 454879.1666666666
1406707345 436962.5
1406707354 430925
1406707415 325572.9166666666
1406707426 320600
1406707465 320864.406779661
1406707485 301786.88524590165
1406707526 251359.47503063726
1406707536 245485.2911305147
1406707594 247473.42912137683
1406707605 247818.2874348958
1406707655 269306.7125651041
1406707666 266942.62295081967
1406707716 262939.6551724138
1406707724 262911.0169491526
1406707775 220854.83870967742
1406707786 213147.56944444444
1406707827 218201.39149305556
1406707847 216824.8613612288
1406707886 221935.37468112246
1406707896 225611.1106770833
1406707946 284976.18973214284
1406707966 304595.2388392857
1406708006 242452.38058035716
1406708016 241243.96173007245
1406708066 262630.4344429348
1406708075 261245
1406708126 280256.04395604396
1406708166 281633.3333333333
1406708186 250453.84615384616
1406708205 238709.16666666666
1406708246 338421.56862745096
1406708256 356250
1406708306 304375
1406708316 301916.6674107143
1406708366 326041.6763392857
1406708376 345561.4132401316
1406708429 572903.509662829
1406708442 615813.5593220339
1406708488 644424.4829101562
1406708567 580001.3122558594
1406708570 573277.7885416667
1406708603 455500.009375
1406708612 443064.59296875
1406708663 411862.50078125
1406708672 397938.5238217213
1406708724 346993.3767361111
1406708735 339950.81019467214
1406708785 307486.1080729166
1406708795 302974.6350769928
1406708854 328251.19006696425
1406708865 330012.5
1406708904 325823.97959183675
1406708914 335958.3333333334
1406708964 381017.85714285716
1406708984 372385.92725409835
1406709025 308243.328125
1406709034 297874.9953125
1406709094 297486.1046875
1406709115 307406.66328125
1406709145 419189.99921875
1406709154 412482.2784810127
1406709215 303042.7215189873
1406709224 299537.5
1406709275 411208.3385416666
1406709305 465866.66875
1406709325 432560.9756097561
1406709346 348475
1406709395 257622.8448275862
1406709404 262799.18032786885
1406709456 347186.61971830984
1406709475 357650
1406709506 336171.4285714286
1406709545 309381.35593220335
1406709565 327083.3333333334
1406709575 333194.6721311475
1406709626 273102.4590163934
1406709636 269300
1406709695 338120
1406709726 340422.85714285716
1406709755 301390.47098214284
1406709765 297288.1321504237
1406709806 281169.500529661
1406709814 282927.7875
1406709866 281961.06634221313
1406709875 278918.26923076925
1406709924 302653.8461538461
1406709944 313305.55555555556
1406709996 345012.29508196726
1406710005 344212.0253164557
1406710046 346455.69620253163
1406710075 335700
1406710105 329950
1406710136 318195.8333333334
1406710165 320105
1406710186 326787.8787878788
1406710236 320324.49494949495
1406710264 325175
1406710286 330923.3870967742
1406710295 338318.75
1406710346 412943.661971831
1406710366 432060.10758196726
1406710407 407252.6829637097
1406710428 387218.82597805344
1406710468 402965.00715648854
1406710529 386763.3580629771
1406710538 378691.1778492647
1406710588 322975.4940257353
1406710597 312256.671875
1406710648 268830.048415493
1406710668 261731.1475409836
1406710709 262926.5554819915
1406710727 268648.5533288043
1406710768 307172.1014492754
1406710778 306822.9169921875
1406710829 276607.29365234374
1406710848 271388.88984375
1406710889 300196.0695465686
1406710899 306021.1170774648
1406710950 278395.5391725352
1406710960 274911.0169491526
1406711009 262400
1406711030 285192.03057065216
1406711069 347655.8016304348
1406711078 367955.828501506
1406711121 424004.0212725904
1406711152 469401.7052295918
1406711366 499975.55555555556
1406711377 480967.10526315786
1406711432 298302.63157894736
1406711442 282125
1406711492 275617.6470588235
1406711510 281318.75
1406711552 327979.171875
1406711572 365800.003125
1406711602 424687.5
1406711612 437033.95061728393
1406711672 607320.9980709876
1406711683 611990.2051470588
1406711726 579421.5724264706
1406711757 564472.8682170543
1406711802 502282.94052810076
1406711855 475637.77625
1406711877 466912.3711340206
1406711909 487903.09278350516
1406711952 488570.76923076925
1406711974 487851.85185185185
1406712006 521432.0925925926
1406712028 541151.03125
1406712038 539420.4453125
1406712083 600687.49609375
1406712116 547216.796875
1406712147 412500
1406712168 354163.5638297872
1406712209 346768.6170212766
1406712241 325263.8888888889
1406712261 306631.94444444444
1406712281 301088.7096774194
1406712323 318716.6703125
1406712341 320358.9795673077
1406712391 314365.3846153846
1406712401 313969.482834507
1406712442 311394.3624559859
1406712462 308428.56473214284
1406712512 302480.2155720339
1406712521 302467.5045021187
1406712571 294416.6651785714
1406712591 306181.37254901964
1406712622 346559.5238095238
1406712633 350323.94366197183
1406712693 311625
1406712713 303200
1406712752 329165
1406712793 300191.6666666666
1406712812 284953.58524525317
1406712872 321458.328125
1406712892 353516.3367034314
1406712923 361984.756097561
1406712933 353888.5869565217
1406712995 349097.82608695654
1406713015 374543.0327868853
1406713044 444649.18032786885
1406713056 474237.6623376623
1406713110 544857.1428571428
1406713121 545012.0481927712
1406713164 521490.9638554217
1406713193 475456.6666666666
1406713228 491056.6770833334
1406713239 472338.63293650793
1406713281 375574.7371031746
1406713291 361320.8333333334
1406713341 301831.25
1406713371 289796.4285714286
1406713411 326288.9344262295
1406713432 338015.8653846154
1406713463 369862.16216216213
1406713506 445967.6923076923
1406713528 437166.6666666666
1406713539 435489.406779661
1406713587 534425
1406713599 547271.551724138
1406713645 545638.8854166666
1406713668 519720.828125
1406713705 461942.5916666667
1406713713 453559.5238095238
1406713768 419382.67166940786
1406713789 412873.64894153224
1406713830 391676.2225922131
1406713850 379864.37591911765
1406713881 341928.0487804878
1406713891 341247.1830985915
1406713952 427119.71830985916
1406713962 425463.7096774194
1406714014 377251.4705882353
1406714047 368973.6111111111
1406714068 362215.0684931507
1406714120 341916.6666666666
1406714130 349458.3333333334
1406714140 349483.60655737703
1406714191 341680.33222336066
1406714201 336871.5899077869
1406714243 319398.9018954918
1406714252 318061.9002232143
1406714313 304831.7901234568
1406714333 298197.0338983051
1406714372 287612.5
1406714383 285103.77358490566
1406714425 346578.4356617647
1406714434 371550.4746919014
1406714496 472504.62586805556
1406714506 470672.6138392857
1406714552 475195.45369318186
1406714561 477618.9024390244
1406714613 438055.88910060975
1406714634 472296.2890625
1406714667 580009.9398320896
1406714701 614522.6277006173
1406714744 647943.4151234569
1406714748 649839.7435897435
1406714783 708288.9344262294
1406714992 924634.4537815126
1406715021 814405.701754386
1406715049 636081.4125
1406715086 489381.9456380209
1406715097 474297.6183035714
1406715152 523119.0379464286
1406715163 519867.71626984124
1406715205 479089.94543650793
1406715215 478039.2150735294
1406715268 494297.0549632353
1406715290 499297.6138392857
1406715324 433034.09090909094
1406715345 425666.6666666666
1406715387 390627.3626179245
1406715398 387804.6029094828
1406715498 426482.7586206896
1406715510 464099.1379310345
1406715532 462495.5357142857
1406715566 421109.09090909094
1406715587 380251.5625
1406715630 305169.89247311826
1406715680 276918.1818181818
1406715691 278208.1818181818
1406715740 277557.9268292683
1406715752 270082.31707317074
1406715773 278250
1406715803 332357.14285714284
1406715815 339774.1935483871
1406715865 335741.93548387097
1406715877 323571.4285714286
1406715928 269112.7049180328
1406715938 264791.6666666666
1406715988 273781.77966101695
1406715997 275234.74576271186
1406716047 264455.55555555556
1406716087 275282.51024590165
1406716108 308149.9984375
1406716117 324326.0883152174
1406716168 348007.2554347826
1406716177 359206.5825264085
1406716230 394460.0893485915
1406716239 398068.6231617647
1406716281 349538.4615384615
1406716291 338958.3333333334
1406716341 350614.75409836066
1406716352 348737.6984126984
1406716404 278104.0322580645
1406716414 273871.4285714286
1406716474 302586.95652173914
1406716483 308810
1406716524 335865.58795362903
1406716545 324111.10590277775
1406716596 293916.6666666666
1406716605 290651.68539325846
1406716646 340092.6966292135
1406716685 332406.5573770492
1406716707 295546.1538461539
1406716737 269287.5
1406716767 328216.4634146341
1406716778 341218.58017418033
1406716828 301944.1948107798
1406716887 264831.2513671875
1406716908 272893.440829918
1406716948 322282.30771683675
1406716957 320233.32890625
1406717008 268044.262295082
1406717018 272845.833984375
1406717068 325208.33203125
1406717088 349390.71209016396
1406717129 359584.7046618853
1406717149 355344.6379766949
1406717188 388688.72771139705
1406717217 464185.48387096776
1406717250 560825.4716981133
1406717270 567397.8007075472
1406717303 516277.7791666667
1406717315 503873.01488095237
1406717366 462180.16285211267
1406717386 432698.1707317073
1406717429 342817.98780487804
1406717448 319093.22033898305
1406717488 322598.03921568627
1406717499 328853.82607581967
1406717549 315986.1119791666
1406717559 308800.46875
1406717610 328199.53125
1406717620 336055.5546875
1406717670 451128.41009221313
1406717681 464332.55758101854
1406717724 525743.4210526316
1406717757 603854.171875
1406717790 592270.84375
1406717801 570199.4473314607
1406717846 504901.68925561797
1406717879 511791.671875
1406717901 588652.7864583333
1406717912 602926.0856854839
1406717968 618716.408266129
1406718025 656254.1671875
1406718028 656353.0927835051
1406718087 666630.5737757732
1406718122 648449.6461588542
1406718183 598232.8767123288
1406718195 537882.3529411764
1406718206 452991.17647058825
1406718217 416321.02740384615
1406718271 566510.266826923
1406718282 573277.7864583333
1406718327 490982.3248106061
1406718337 477851.0101010101
1406718392 497656.56565656565
1406718426 468966.2921348314
1406718448 435679.7752808989
1406718481 402036.664375
1406718502 372434.99624999997
1406718523 366078.1197916666
1406718574 387021.85706967214
1406718584 394005.6818181818
1406718627 445605.11363636365
1406718662 442346.5189873418
1406718696 496311.7088607595
1406718706 471591.05034722225
1406718750 406847.2239583334
1406718772 417560
1406718816 378346.671875
1406718825 374969.30345394736
1406718869 375671.05263157893
1406718892 362546.1538461539
1406718934 376468.75
1406718956 390770.6422018348
1406718988 377573.3944954128
1406719043 368898.4375
1406719052 363749.36768196203
1406719112 330611.81368670886
1406719122 329111.1119791666
1406719172 349547.6205357143
1406719192 346838.7096774194
1406719234 325208.3333333334
1406719264 327250
1406719284 319625
1406719294 327098.7435787671
1406719346 399062.21018835617
1406719357 400761.8995535714
1406719402 394416.671875
1406719423 376119.61176470586
1406719466 341713.73198529414
1406719487 335789.95804794517
1406719527 327893.83647260274
1406719539 330749.99915540544
1406719590 311874.99556587834
1406719601 309685.17997685185
1406719652 281407.40219907404
1406719671 284299.8333333334
1406719703 321995
1406719721 342837.5
1406719763 398862
1406719771 407465.6626506024
1406719835 369324.2919804217
1406719846 377888.8854166666
1406719889 407363.64488636365
1406719901 411044.88161057694
1406719953 358494.87379807694
1406719993 326855.737704918
1406720014 346766.12550403224
1406720024 364494.6184475806
1406720066 352088.7096774194
1406720076 353380.95238095237
1406720129 338742.85714285716
1406720181 367409.83606557373
1406720190 369050
1406720211 367950.70422535215
1406720251 434440.1408450704
1406720261 433983.87096774194
1406720303 399416.12903225806
1406720313 392814.35112847225
1406720375 372046.004181338
1406720384 371958.328125
1406720427 379333.3229166666
1406720459 367074.06597222225
1406720490 346572.916015625
1406720499 336865.3846153846
1406720542 298843.1372549019
1406720550 303028.98550724634
1406720611 367638.8888888889
1406720622 363834.1346153846
1406720663 334100.4098360656
1406720683 336573.0891393443
1406720724 351500.0052083334
1406720746 386257.67534722225
1406720787 475689.69072164944
