1406623644 234786.0564516129
1406623655 236864.48148148146
1406623705 248653.10185185185
1406623725 249624.44672131148
1406623766 261049.0607142857
1406623795 273460.75
1406623826 248616.203125
1406623836 254256.81753177964
1406623885 283454.1887807377
1406623897 281969.455625
1406623950 248885.31041666667
1406623960 247061.60550458718
1406624015 324337.06077981653
1406624059 297659.325
1406624070 294321.2109375
1406624091 286036.0414566532
1406624132 223344.40586577868
1406624152 213091.7296875
1406624182 225533.390625
1406624192 225834.984375
1406624253 201589.9625
1406624262 196593.5703125
1406624312 167012.19864241802
1406624323 168275.8091517857
1406624361 203195.72065972222
1406624413 225177.0298859127
1406624424 211010.0625
1406624433 200202.375
1406624494 204100.4192708333
1406624514 222153.5515625
1406624544 282660.07692307694
1406624553 293181.31147540984
1406624605 277908.47222222225
1406624625 267587.0833333334
1406624665 280965.54577464785
1406624696 288444.98481514084
1406624727 260855.4696302817
1406624736 260756.36910377358
1406624780 282521.1806640625
1406624800 290928.4903681507
1406624853 290258.66834239126
1406624905 289210.47826086957
1406624915 282594.89289314515
1406624967 288855.90064338234
1406625000 315095.984375
1406625022 301639.6875
1406625033 294702.6284466912
1406625090 328218.23267663043
1406625125 341239.85546875
1406625147 297268.97265625
1406625182 315775.4913793104
1406625205 328791.7389705882
1406625216 327610.14423076925
1406625259 355922.35576923075
1406625270 350524.09963768115
1406625328 338167.60951327434
1406625383 342482.86875
1406625395 273457.50375000003
1406625428 286776.5294117647
1406625471 401635.76470588235
1406625480 382015.3981681034
1406625500 306123.92914244183
1406625523 273885.4801962209
1406625565 270219.050690407
1406625586 252607.36363636365
1406625631 234520.5502232143
1406625642 239552.14375
1406625686 325875.72943037975
1406625721 327363.19736842107
1406625743 296713.4277777778
1406625766 295620.0220588235
1406625811 289572.23863636365
1406625821 277730.68366745283
1406625864 260359.8294439935
1406625898 267481.7613760965
1406625921 256623.56018813775
1406625985 190280.3254942602
1406625996 188913.20845734127
1406626048 193458.62384733607
1406626057 190054.54537259616
1406626100 194243.6014683735
1406626140 210977.42595108697
1406626169 270249.690625
1406626180 293349.3935731132
1406626222 245119.98378537735
1406626233 229570.52560096153
1406626287 258695.05564903846
1406626298 269060.7801513672
1406626351 293347.6915690104
1406626394 312536.61342592596
1406626405 332509.3828125
1406626426 353767.9542613636
1406626460 310713.914691092
1406626513 283187.403
1406626533 297849.64175
1406626585 400567.70600728155
1406626636 477591.13636363635
1406626656 354973.91287878784
1406626684 327365.88875
1406626706 290619.16258445947
1406626758 268437.1549831081
1406626769 347640.1556165541
1406626780 347922.1270833333
1406626827 341275.31354166666
1406626874 288189.7152518657
1406626894 278189.99885670736
1406626915 278671.85965909093
1406626949 229745.34593023255
1406626958 221221.56436567166
1406627002 392202.04570895527
1406627070 316581.1986940298
1406627083 321390.6379310345
1406627128 321649.40909090906
1406627184 306264.1681818182
1406627193 305345.5894325658
1406627260 325721.4670138889
1406627265 326706.0259789156
1406627311 285266.6837349398
1406627343 302117.7227272727
1406627366 332168.80034722225
1406627388 350970.2060096154
1406627421 322543.1478365385
1406627431 326858.06420173263
1406627489 298529.71782178216
1406627522 330012.45
1406627544 370765.4411764706
1406627556 383702.7522123894
1406627602 326038.9690265487
1406627657 324437.5508474576
1406627661 320064.1875
1406627673 306201.70714285714
1406627731 311189.01666666666
1406627778 313087.5048543689
1406627834 278755.7311827957
1406627849 275646.7417674731
1406627871 255435.5234375
1406627903 254292.33689903846
1406627936 274186.07421875
1406627969 296091.10714285716
1406627978 296469.7643229166
1406628023 324125.94056566455
1406628057 380304.85512907605
1406628093 349161.44989809784
1406628115 361915.75
1406628149 370841.35714285716
1406628171 397623.61267605633
1406628216 473697.6954225352
1406628220 476903.73676470586
1406628267 456676.55
1406628301 446208.4024390244
1406628327 369772.3719512195
1406628349 370945.8841463415
1406628405 396716.4756097561
1406628409 397949.9516129032
1406628444 393471.6532258064
1406628467 381677.10169491527
1406628503 327057.65
1406628547 278489.984141791
1406628570 302289.3795955882
1406628581 310680.919921875
1406628626 268964.8526785714
1406628637 267396.37179487175
1406628694 312251.1037660256
1406628704 315713.6229011194
1406628749 299410.5743936567
1406628761 301941.7774920886
1406628805 317010.80537974683
1406628828 321854.5900735294
1406628873 311571.53097098216
1406628884 308578.18973214284
1406628929 290496.0873325893
1406628940 283220.6917808219
1406628992 252585.64383561644
1406629002 253186.64423076922
1406629044 304371.9166666666
1406629065 319331.005
1406629108 272242.17000000004
1406629119 282373.9944711538
1406629163 368958.09735576925
1406629173 373261.17845394736
1406629228 297455.60526315786
1406629239 292210.09801136365
1406629293 298775.7623966942
1406629349 314496.75
1406629360 313223.6125
1406629404 315603.6964285714
1406629416 332003.8695652174
1406629463 387616.98369565216
1406629496 414536.3227848101
1406629530 387293.1908623418
1406629542 375835.765095339
1406629589 333234.638671875
1406629647 322300.955078125
1406629670 313240.37313432834
1406629703 277062.09328358213
1406629714 278415.6316964286
1406629768 281797.12905844155
1406629780 287308.06841216213
1406629832 291050.86486486485
1406629842 290115.7244094488
1406629884 282207.06692913384
1406629949 265849.3615280512
1406629959 263833.0758272059
1406630002 282009.2323529412
1406630034 277532.8333333334
1406630065 310497.7734375
1406630098 303838.0230769231
1406630120 321027.0697115385
1406630130 325382.7727272727
1406630186 387582.4160447761
1406630197 386910.759868421
1406630243 343917.30372807017
1406630254 357683.66333333333
1406630318 469654.3231707317
1406630336 437896.9166666666
1406630372 324461.30263157893
1406630393 286702.75
1406630427 259640.45833333334
1406630438 257606.765625
1406630493 300975.46875
1406630515 302256.890625
1406630548 236851.8515625
1406630557 234310.4758064516
1406630599 265756.8160282258
1406630641 271198.4010416666
1406630662 265135.07547169813
1406630694 263936.7142857143
1406630725 317488.828125
1406630746 318341.7810058594
1406630789 315489.625
1406630832 313491.58607954544
1406630844 298221.8697916666
1406630886 263895.0016826923
1406630909 280720.48660714284
1406630942 284984.796875
1406630975 277293.16000000003
1406631017 302455.7552083334
1406631029 310057.6008522727
1406631039 312054.06441885966
1406631086 296035.1030190678
1406631098 294895.4191576087
1406631144 338114.3566576087
1406631155 339487.9766757246
1406631213 315239.77377717395
1406631224 309457.6043478261
1406631324 244630.0316576087
1406631328 246855.09850543478
1406631393 329460.0574712644
1406631415 331469.4831460674
1406631449 304590.2752808989
1406631482 287575.8358173077
1406631504 273268.5649038461
1406631514 272045.1298828125
1406631568 286517.9826030928
1406631611 301798.30128205125
1406631634 274551.3305288461
1406631646 274993.571875
1406631691 245526.4
1406631724 245829.23611111112
1406631745 269848.35465116275
1406631767 300455.7346153846
1406631799 287811.5858173077
1406631810 296042.5208864796
1406631869 439760.98660714284
1406631897 416737.5809859155
1406631940 344395.35
1406631947 336986.76960784313
1406631991 295602.6707589286
1406632003 286721.68353544775
1406632048 243198.36788712686
1406632058 243729.50699013157
1406632112 311833.26973684214
1406632124 311623.475
1406632167 287737.5324074074
1406632178 291114.6670673077
1406632232 316893.2609608209
1406632245 309770.29070723685
1406632289 246178.9640625
1406632300 237320.78621031746
1406632352 230015.37852822582
1406632362 227376.4097079918
1406632403 246539.0512295082
1406632413 246060.13372093023
1406632467 270878.88081395347
1406632489 267211.88671875
1406632530 245425.958984375
1406632584 222835.931640625
1406632595 220805.09475806452
1406632646 222410.84337797618
1406632658 228130.50032106164
1406632710 275256.87671232875
1406632719 276210.3214285714
1406632763 225980.75396825396
1406632773 225597.77407786885
1406632824 259318.20612157535
1406632846 258957.1375
1406632879 261018.23635727612
1406632913 261485.203125
1406632945 223387.0265376984
1406632976 205973.72222222222
1406633008 229798.29699248122
1406633109 322733.4375
1406633112 321187.0743243243
1406633123 275175.3494510135
1406633146 258468.6354166667
1406633180 265657.19353070174
1406633203 272865.62784090906
1406633246 284157.7202970297
1406633304 241399.4068287037
1406633327 233763.52145522388
1406633371 266793.4556962025
1406633406 267495.171641791
1406633427 293979.5746268657
1406633438 282994.2232142857
1406633483 271912.86363636365
1406633504 291468.875
1406633539 298736.1304347826
1406633596 246092.4383116883
1406633606 297661.9222808442
1406633616 292259.0587121212
1406633665 282570.16358901514
1406633672 298818.4916666667
1406633725 456227.74590163934
1406633733 452452.9464285714
1406633781 353198.21654929576
1406633804 312667.9602481618
1406633849 265107.203125
1406633903 253829.46484375
1406633915 238450.55078125
1406633937 249261.2734375
1406633959 261620.046875
1406633979 272253.7115384615
1406634024 260267.32180606617
1406634047 250900.74300986843
1406634081 242770.86581688595
1406634104 233490.04300986842
1406634146 202750.15789473685
1406634176 203672.1516927083
1406634206 210857.3033854167
1406634218 216970.06982421875
1406634270 231723.82074652778
1406634290 228027.5640625
1406634320 206848.02630739796
1406634339 209718.53458460365
1406634390 276733.54230182926
1406634402 287930.0029761905
1406634453 308760.3966733871
1406634464 314181.75636574073
1406634507 321649.23995535716
1406634562 295871.4246002907
1406634593 309836.5885416666
1406634626 400765.9947916666
1406634649 394757.1197150735
1406634683 329932.9556525735
1406634694 313895.40673324745
1406634749 279533.67477448453
1406634780 270410.0807692307
1406634814 343178.04347826086
1406634826 364518.6923076923
1406634860 301265.2267628205
1406634892 294559.48200757575
1406634926 311448.2897727273
1406634936 315696.57112873136
1406634993 269622.52463942306
1406635014 255526.71698113208
1406635046 261315.37790697673
1406635057 261049.703125
1406635099 248727.0205592105
1406635133 260550.1170673077
1406635164 250931.44702743902
1406635174 240781.68509615384
1406635229 269511.4192708334
1406635240 278767.8324497768
1406635285 272764.48214285716
1406635296 275963.0135135135
1406635352 344745.8209459459
1406635396 383872.03125
1406635407 387650.8203125
1406635432 429133.94366197183
1406635478 530399.7615384615
1406635497 507933.5852272727
1406635522 382951.27777777775
1406635542 317268.67441860464
1406635587 342054.1449854651
1406635608 317955.732834507
1406635648 276682.3965669014
1406635658 266888.8864942529
1406635714 228924.11179956896
1406635735 225830.7823016827
1406635766 217511.45802696078
1406635786 207820.28943452382
1406635829 208232.1418918919
1406635860 212017.41598360654
1406635890 222741.7867647059
1406635911 226820.68412162163
1406635944 218907.52702702704
1406635964 218141.01229508198
1406636005 227239.00675675675
1406636038 234751.69860839844
1406636069 263895.3311298077
1406636090 280193.6082442434
1406636124 241923.47769325657
1406636145 241194.96527777778
1406636188 251006.74537037036
1406636232 233701.525
1406636253 218199.78225806452
1406636263 217766.14215686274
1406636304 259960.79086538462
1406636315 267752.5135135135
1406636368 252865.68728885136
1406636378 249795.70977393616
1406636420 223913.9798869681
1406636462 212889.05789473685
1406636493 224826.23157894737
1406636515 226786.90566037735
1406636546 237817.05660377358
1406636568 262077.2170608108
1406636620 315231.61335784313
1406636670 278418.140625
1406636680 265628.4038461539
1406636735 245142.1480263158
1406636756 239445.09156976745
1406636787 249656.60174418605
1406636821 236731.3582089552
1406636854 246784.50943396226
1406636874 265645.1153846154
1406636906 301727.7727272727
1406636918 309033.9827586207
1406636962 275335.3179777299
1406636993 271572.8214285714
1406637025 263150.6603773585
1406637046 273612.6740506329
1406637092 322097.00098892406
1406637104 337917.5515391791
1406637159 400081.5471014493
1406637173 396059.7395833334
1406637207 334082.04347826086
1406637219 321618.8672566372
1406637320 311378.1124161074
1406637335 312870.1241610738
1406637368 291589.10576923075
1406637379 281748.516025641
1406637413 257063.7765858209
1406637446 260483.265625
1406637497 281525.6782894737
1406637508 267918.13371710526
1406637541 267640.95
1406637562 285900.1
1406637573 279136.75
1406637628 235122.74879807694
1406637638 229243.26953125
1406637692 204730.49867021275
1406637732 190742.87990196078
1406637743 186328.44047619047
1406637774 179300.39756944444
1406637804 195857.63715277778
1406637815 197403.28392857144
1406637866 221707.03214285715
1406637874 223930.20447530865
1406637927 231492.1763117284
1406637947 231414.91342213115
1406637988 233855.7992691532
1406638009 234715.212890625
1406638052 221842.26785714284
1406638093 242124.18344350962
1406638104 252528.7265625
1406638137 283460.3800048828
1406638168 344181.79092261905
1406638179 358445.1145833334
1406638234 313280.8995535714
1406638256 323308.4029447115
1406638280 512360.2118389423
1406638338 500955.5
1406638348 422362.46732954547
1406638360 356609.990162037
1406638429 495052.6969747341
1406638454 522270.73863636365
1406638470 447047.26136363635
1406638506 457094.84090909094
1406638551 428627.95454545453
1406638558 426018.0141509434
1406638593 361688.33490566036
1406638604 351656.42000000004
1406638671 334568.16000000003
1406638731 231192.36
1406638743 235975.36363636365
1406638764 247744
1406638775 260648.25
1406638829 289833.125
1406638862 312819.86598557694
1406638885 310241.1778846154
1406638907 326043.0395220588
1406638953 347994.630387931
1406638965 337143.5551948052
1406639008 274052.44308035716
1406639030 268489.75362723216
1406639064 312475.9046175373
1406639097 323518.2440732758
1406639129 293649.1497844828
1406639151 285119.4642857143
1406639185 287049.2954545454
1406639195 289290.21638257575
1406639251 321619.0370802239
1406639262 327379.1901041666
1406639306 336043.8098958334
1406639317 336905.49701286765
1406639374 354820.1176470588
1406639385 353329.9479166666
1406639422 287190.6472981771
1406639433 267444.466694079
1406639488 232803.06578947368
1406639498 230376.125
1406639551 237418.4375
1406639580 297358.05188679247
1406639604 388490.4928571428
1406639615 415173.65625
1406639692 569540.7758152174
1406639707 586757.8902439025
1406639774 421992.2641509434
1406639779 343640.530365566
1406639813 259612.87569962686
1406639846 244592.326171875
1406639857 247866.55945723684
1406639909 279837.2815789474
1406639941 303175.8125
1406639964 296805.060546875
1406639973 294860.5714285714
1406640027 248484.81818181818
1406640072 242983.52631578947
1406640084 242229.50091911765
1406640106 238806.2534632732
1406640181 278156.933360541
1406640206 286366.09083488805
1406640240 318049.6875
1406640274 368622.3506493507
1406640317 390730.59408602153
1406640335 276396.1102150538
1406640367 248058.25
1406640391 251396.75714285712
1406640402 258829.15740740742
1406640445 271708.4537037037
1406640456 274897.25
1406640511 289098.5
1406640533 280465.3839285714
1406640567 262056.26917613635
1406640577 263009.89754971594
1406640621 263971.69051846594
1406640655 277174.11441964284
1406640689 313402.13508928573
1406640753 342017.38723214285
1406640796 360290.82045454544
1406640808 364417.04891304346
1406640819 364494.029296875
1406640864 354461.24631320225
1406640908 330581.27582908166
1406640931 279696.26482780615
1406640962 282013.13095238095
1406640984 354953.79092261905
1406640994 358113.625
1406641043 305260.6453125
1406641074 305774.2653846154
1406641108 319832.8660714286
1406641130 330711.43656716414
1406641165 382099.3470149254
1406641175 381618.0514705882
1406641233 336461.417266187
1406641291 293952.8345323741
1406641314 348287.53787878784
1406641345 450401.0454545454
1406641357 490061.825
1406641419 384383.3375
1406641425 401830.75
1406641460 526582.5416666667
1406641467 544184.2580645161
1406641522 529427.1666666667
1406641527 522495.4705882353
1406641624 304613.94907407404
1406641635 300709.70714285714
1406641648 318902.91785714286
1406641694 350965.85745614034
1406641705 305546.2554347826
1406641717 260145.09210526315
1406641772 276390.60279605264
1406641781 282254.6146763393
1406641828 329900.0158943966
1406641839 332379.1082974138
1406641886 319209.7260237069
1406641897 313849.1971153846
1406641954 269463.92307692306
1406641964 274623.0731132076
1406642007 367606.0300925926
1406642018 375098.19491525425
1406642066 339574.47033898305
1406642077 335224.075161638
1406642124 310225.11798007245
1406642146 297908.11543843284
1406642191 316060.9707792208
1406642223 332437.2863636364
1406642246 290300.8453125
1406642268 248658.46704101562
1406642310 252183.8694852941
1406642319 253704.40437499998
1406642364 293437.4809375
1406642385 294140.55
1406642428 346297.2
1406642449 352757.9195429104
1406642495 332827.0183662281
1406642506 326432.548828125
1406642551 335556.5625
1406642574 344687.5625
1406642607 387041.35869565216
1406642620 400132.27966101695
1406642662 427807.8177966102
1406642666 426352.43852459016
1406642723 444318.32954545453
1406642732 448447.5756578947
1406642799 381130.3142857143
1406642802 383025.806122449
1406642848 536746.5483870967
1406642864 559535.0571428571
1406642913 496067.10714285716
1406642953 456740.6875
1406642965 487723.71875
1406642977 489229.475
1406643039 609518.3875
1406643045 605114.1670673077
1406643080 509110.4749599359
1406643117 426923.9816576087
1406643172 357533.52436440677
1406643176 361737.5692771084
1406643210 442020.7831325301
1406643255 526415.3994455645
1406643272 500322.309375
1406643295 452974.28869628906
1406643332 470198.37744140625
1406643393 455352.60778808594
1406643400 449903.9192708334
1406643448 379425.0442708334
1406643471 361959
1406643507 358521.3
1406643531 355410.3878205128
1406643620 380898.8468215812
1406643624 378523.6534262048
1406643703 340185.8161764706
1406643743 345132.6346153846
1406643755 352007.925
1406643803 351808.7571428572
1406643814 336426.9645089286
1406643825 336033.34375
1406643894 454126.4880798969
1406643922 557262.6498397436
1406643933 582121.5833333333
1406644015 548432.3125
1406644021 545367.7419354839
1406644046 517515.75203252037
1406644144 342427
1406644156 317505.6640625
1406644168 318925.7058423913
1406644225 447804.8112399194
1406644230 448652.9471153846
1406644290 344695.8794014085
1406644301 334357.08236228814
1406644349 365219.91967429576
1406644372 386631.046875
1406644409 325000.75
1406644431 363114.6417910448
1406644476 465459.7091836735
1406644480 461568.8552631579
1406644539 332083.90789473685
1406644552 314401.8230064655
1406644597 385521.43207908166
1406644601 391155.92800245096
1406644648 345035.1608297414
1406644659 328278.17606026784
1406644704 311473.6704963235
1406644761 329845.1186383929
1406644840 409944.06294642854
1406644844 407104.302631579
1406644912 326915.44736842107
1406644916 321028.5951923077
1406644973 327029.5766826923
1406644977 325014.2041330645
1406645011 316328.0564516129
1406645035 340212.27857142856
1406645069 392583.98571428575
1406645081 483965.02702702704
1406645124 996702.3842905406
1406645143 1093826.804748062
1406645213 598716.2926356589
1406645240 468920.3951065892
1406645253 443981.65714285715
1406645305 381781.7857142857
1406645310 379437.8478260869
1406645420 357954.16367713
1406645426 394514.50896860985
1406645504 324706.16963284754
1406645533 337913.5177469136
1406645578 424185.0889274691
1406645585 415187.1136853448
1406645607 350280.4170138889
1406645630 365553.1247829861
1406645679 532482.7982954546
1406645707 541763.3492647059
1406645724 404911.3883272059
1406645747 376331.25
1406645783 320248.1847826087
1406645793 340765.33474576275
1406645842 451858.9918032787
1406645854 441328.69736842107
1406645914 367851.9342105263
1406645918 364711.60784313723
1406646009 454592.1862745098
1406646016 448875.5
1406646027 422769.7142857143
1406646051 385754.98507462686
1406646085 403760.7555970149
1406646094 400983.5715909091
1406646195 386979.0416666666
1406646202 393435.1666666666
1406646233 487377.36904761905
1406646258 488988.3540296053
1406646271 458250.0412779851
1406646325 424998.7090305118
1406646398 517400.99139030615
1406646423 497127.9139344262
1406646450 423314.04098360654
1406646459 419575.1484375
1406646514 507948.46370967745
1406646521 511853.22602739726
1406646566 558732.3219178081
1406646587 523705.65
1406646621 469113.1666666667
1406646626 463845.4460227273
1406646692 505400.4616477273
1406646709 506770.5764627659
1406646741 447113.66156914894
1406646786 417566.1871811225
1406646834 418839.8316326531
1406646839 409378.6666666666
1406646864 354808.25
1406646874 352610.99528301886
1406646922 367900.2945165094
1406647023 432102.13445723685
1406647050 476418.54029605264
1406647112 516667.19615384616
1406647115 515143.71370967745
1406647174 408635.32421875
1406647179 405408.4905063291
1406647253 487556.0925925926
1406647280 558780.3113425926
1406647287 562077.7158505155
1406647350 572644.2210051547
1406647377 501060.482421875
1406647406 439214.5357696281
1406647498 465169.47784514923
1406647540 366214.29347826086
1406647544 355810.3833333333
1406647615 334622.8
1406647649 339180.6425304878
1406647656 339072.359375
1406647705 321123.9026864035
1406647713 319786.3099431818
1406647760 279660.8897192029
1406647782 282586.8065732758
1406647849 431714.2650862069
1406647876 448113.2580645161
1406647887 456445.7931787635
1406647942 357416.08467741933
1406647949 340279.973599138
1406647971 319781.55601415096
1406648028 331673.14077240566
1406648055 298227.33173076925
1406648067 293208.9347826087
1406648078 303801.94375
1406648124 306005.60625
1406648147 308892.6666666666
1406648193 303958.73626373627
1406648238 301392.8040540541
1406648245 333629.85135135136
1406648267 326424.64130434784
1406648302 281824.82065217395
1406648314 279592.34480337077
1406648391 280292.76105182926
1406648467 231935.1836890244
1406648478 235940.4140625
1406648489 254755.50459558825
1406648512 281217.12109375
1406648547 290406.65591032605
1406648581 293292.92793843284
1406648614 343081.046875
1406648619 348256.06352459016
1406648665 287695.96670081967
1406648675 288162.34090909094
1406648720 299578.18526785716
1406648731 293626.5017578125
1406648789 289124.0451171875
1406648800 285374.9587823276
1406648847 307212.96106991527
1406648859 313240.16372282605
1406648906 311484.5901268116
1406648916 318370.9139784946
1406648971 349458.84711021505
1406648999 357790.41319444444
1406649034 325493.6634004237
1406649058 317392.10434144293
1406649083 329930.45066065434
1406649302 434675.3344169463
1406649320 382440.53376677854
1406649332 383475.5848214286
1406649390 329561.74955357146
1406649402 333067.4874559859
1406649449 425382.0906690141
1406649461 440412.5483870968
1406649511 466269.2920560748
1406649568 472738.76271186443
1406649624 408524.984904661
1406649629 407480.1058768657
1406649691 415466.921875
1406649725 433812.508989726
1406649764 475672.328125
1406649806 502840.28098516946
1406649823 505258.45004562044
1406649880 537868.6354927007
1406649924 630340.5944343065
1406649943 615609.30859375
1406649988 548474.8371975806
1406650005 528014.5921175373
1406650055 478253.35445926967
1406650094 473502.0512408088
1406650113 544591.0693933824
1406650123 545869.2371031747
1406650176 518429.39809782605
1406650215 429633.96299342107
1406650233 376895.2400568182
1406650259 355311.24594907404
1406650287 376354.4737617924
1406650312 425211.9171626984
1406650350 464884.01363636367
1406650367 438738.42741935485
1406650412 405853.926056338
1406650481 435010.11267605633
1406650509 430055.2147727273
1406650536 378117.421875
1406650563 339131.734789823
1406650649 372956.6630434783
1406650655 371980.1282894737
1406650703 291421.65460526315
1406650725 289888.140625
1406650790 388120.6640625
1406650799 384634.5342987805
1406650820 321007.6143292683
1406650831 310391.9880257009
1406650891 313375.93691588787
1406650927 309911.1273584906
1406650950 307166.77122641506
1406650997 294512.7952586207
1406651008 302494.91489361704
1406651087 446231.88464095746
1406651091 446947.56026785716
1406651129 412091.4130434783
1406651160 381511.49
1406651179 333944.10894097225
1406651214 264787.45729672327
1406651248 260481.47474211163
1406651282 267516.0968191964
1406651304 279320.443287037
1406651363 276707.0232638889
1406651394 279910.8923076923
1406651428 303833.5652173913
1406651440 312188.1320754717
1406651487 321269.69103773584
1406651534 299501.8814655172
1406651545 282246.0572916666
1406651567 272767.8047863924
1406651613 311197.43354430376
1406651624 318692.82932692306
1406651670 345094.1610576923
1406651717 333957.85
1406651729 294712.2
1406651740 291072.73728197673
1406651843 311108.48183139536
1406651846 315759.7510901163
1406651858 313915.71770833334
1406651903 276499.22552083334
1406651936 311942.296875
1406651969 364240.4495967742
1406652029 321243.9717987805
1406652051 284759.8692642405
1406652087 249011.94936708861
1406652108 245216.75986842107
1406652151 280966.7298519737
1406652163 299871.6579748377
1406652228 375135.8474351415
1406652269 349409.2479363207
1406652281 335390.3164724576
1406652328 289834.2715517242
1406652339 281666.13445378153
1406652384 301410.9117647059
1406652447 278117.2105152027
1406652458 278323.465625
1406652527 278840.9446614584
1406652530 279828.8020833334
1406652563 307469.2583333333
1406652575 305500.46710526315
1406652620 261113.8851841518
1406652631 254721.37607230392
1406652687 245133.65425857843
1406652722 257444.84103732638
1406652755 352127.45789930556
1406652759 348804.6699617347
1406652804 299286.93235759495
1406652838 312765.4807412791
1406652866 301761.6413517442
1406652890 299101.721875
1406652924 245235.975
1406652946 239901.2786458333
1406652990 243322.03038194444
1406653000 242467.67107371794
1406653045 222775.42918669872
1406653068 229091.17857142858
1406653111 274140.51785714284
1406653115 277482.945
1406653161 291754.8149671053
1406653172 290664.71854619565
1406653272 347836.8608695652
1406653276 349689.3157894737
1406653288 351454.4350328947
1406653329 325204.3324092742
1406653350 250620.51436491936
1406653360 229255.1119791667
1406653404 284932.3125
1406653461 297295.7635569853
1406653472 290575.2457476266
1406653528 242816.53233781646
1406653540 245280.15385841837
1406653584 291134.0357142857
1406653626 325249.39353813557
1406653643 325865.62379807694
1406653678 315315.6197916666
1406653703 298905.1803701456
1406653759 270647.08252427186
1406653781 252141.0842696629
1406653826 234240.1657303371
1406653848 223098
1406653891 239765.875
1406653902 235603.25892857142
1406653947 234284.31818181818
1406653968 232643.8355263158
1406654004 210108.525
1406654013 207094.7042253521
1406654065 219612.036971831
1406654075 219946.09043560608
1406654131 232933.02821828358
1406654186 254147.36368936568
1406654209 252632.17658943965
1406654244 256835.15482954544
1406654264 269403.00657894736
1406654308 252289.67105263157
1406654320 255683.24386160716
1406654364 296797.32111378206
1406654398 327580.8218568314
1406654495 319007.818450218
1406654536 279886.3052884615
1406654547 269314.0220588235
1406654604 266435.1772151899
1406654626 263680.5580357143
1406654660 249044.00833333333
1406654671 245001.43049568965
1406654726 253292.6220366379
1406654792 258741.74407327586
1406654847 254048.52155172414
1406654892 245886.56463068182
1406654913 229626.34677419355
1406654923 228432.30555555556
1406654967 257967.5892857143
1406654979 258214.13157894736
1406655024 240655.95616883115
1406655056 233752.5578358209
1406655079 233585.58768656716
1406655091 237521.20192307694
1406655144 253467.1692307692
1406655156 252557.08620689655
1406655202 247040.0205592105
1406655213 246945.6848958333
1406655268 282148.05078125
1406655323 342794.5580520073
1406655330 398392.6836222628
1406655384 397128.12328923354
1406655405 401808.7015625
1406655454 366613.00629340275
1406655477 365083.53719008266
1406655545 398469.67975206615
1406655572 403985.3429752066
1406655575 404355.72
1406655635 339572.12
1406655647 332326.51517857146
1406655681 280429.47745535715
1406655705 271649.9561820652
1406655750 287059.13671875
1406655761 294978.06541313557
1406655809 283299.379181338
1406655832 259216.5334654851
1406655865 260908.35797574627
1406655876 256577.2182835821
1406655920 282280.2789179104
1406655932 282995.41129032255
1406656013 309422.75
1406656026 308201.5271739131
1406656049 272305.0271739131
1406656059 267771.84691011236
1406656105 259508.63957162923
1406656138 277890.317349138
1406656181 347875.4463002874
1406656192 344977.76171875
1406656223 240835.8828125
1406656245 221845.5
1406656287 226199.73113207548
1406656298 227589.65
1406656342 223374.82142857142
1406656375 212387.57692307694
1406656407 218760.37790697673
1406656418 226090.96210572432
1406656471 274282.04088785045
1406656514 300532.392578125
1406656523 283151.3671875
1406656535 288486.2435897436
1406656625 258255.5705128205
1406656640 261325.19642857142
1406656660 269274.0189144737
1406656704 291141.0855263158
1406656716 289393.3764204546
1406656760 238194.37121212122
1406656770 236205.6875
1406656825 275218.84375
1406656848 282351.03639240505
1406656892 292804.3560126582
1406656904 296723.1931818182
1406656949 317144.63636363635
1406656980 316782.8340517242
1406657007 285309.9375
1406657052 259154.72610294117
1406657064 284672.3363970588
1406657075 287829.7888888889
1406657130 267585.98333333334
1406657188 271383.5861111111
1406657199 267518.7708333333
1406657254 256414.29166666666
1406657265 267523.375
1406657300 338342.75
1406657312 344124.77127659577
1406657368 359891.28723404254
1406657394 328038.1755319149
1406657429 271157.7579787234
1406657462 239595.07142857142
1406657485 238394.92045454547
1406657506 241251.47972972973
1406657550 262086.72297297296
1406657559 265056.91883116885
1406657604 284392.887987013
1406657627 280023.94560546876
1406657672 293080.920703125
1406657684 285183.7233297414
1406657730 276122.5494791666
1406657753 277247.04561941966
1406657786 268054.6484375
1406657797 269195.3295758929
1406657844 289770.22142857144
1406657856 290927.6369485294
1406657901 264182.8575367647
1406657912 265368.24149816175
1406657969 287063.0808423913
1406657981 305036.4172794118
1406658037 500550.1
1406658041 502105.4545454546
1406658087 327523.5099431818
1406658092 315377.65625
1406658139 252659.790625
1406658162 237752.8621794872
1406658207 248259.3044871795
1406658217 253174.76923076922
1406658260 361585.76442307694
1406658285 351690.3821504237
1406658319 303224.8760775862
1406658343 283582.94451530615
1406658417 254043.5472222222
1406658433 237983.7072368421
1406658455 210107.26617005814
1406658476 202201.22712628866
1406658509 215723.25926224227
1406658552 225120.06482263515
1406658573 263919.3112331081
1406658583 262602.9537037037
1406658627 237570.14293981483
1406658637 239473.69708136792
1406658680 262943.8564268868
1406658690 258079.82692307694
1406658745 226672.02960526315
1406658766 227929.2083333333
1406658808 238214.49038461538
1406658818 242795.59615384616
1406658860 273098.7083333334
1406658881 276865.5721153846
1406658927 230315.1560496795
1406658938 227686.94314903847
1406658982 250259.1454326923
1406658992 247265.7118844697
1406659048 224536.03574810608
1406659058 224309.84485815602
1406659114 243013.2573138298
1406659168 218297.38829787233
1406659189 221225.3125
1406659231 223272.9375
1406659252 234892.84014423075
1406659285 270604.2608173077
1406659296 273966.40694962686
1406659352 233311.84128289472
1406659372 217890.1328125
1406659405 219593.658203125
1406659416 216980.40625
1406659469 235938.60472972973
1406659490 246200.9112215909
1406659524 242134.11858675373
1406659557 233294.65994510136
1406659588 211773.86275337837
1406659598 215463.55295138888
1406659640 228051.05034722222
1406659705 274353.4916948198
1406659751 267236.8570429104
1406659761 273685.8551772388
1406659772 263893.9095982143
1406659827 244688.3325892857
1406659838 247089.92647058822
1406659912 366731.4651898734
1406659917 370156.7962962963
1406659962 305148.962962963
1406659966 304987.96808510635
1406660009 312160.2436440678
1406660025 306098.57999999996
1406660059 300217.8240489131
1406660094 306408.90382922534
1406660130 283809.890625
1406660142 289398.2046875
1406660210 484463.1956845238
1406660226 525365.9933035714
1406660249 391222.26785714284
1406660273 444226.2521551724
1406660307 442169.93092105264
1406660311 433923.67410714284
1406660370 334366.94278169016
1406660382 328396.1544117647
1406660472 415918.80200729927
1406660488 342044.927919708
1406660519 371905.1516393443
1406660549 392498.88636363635
1406660574 399143.9404761905
1406660620 374740.4809523809
1406660654 403325.1984126984
1406660671 377112.79761904763
1406660683 387421.4021739131
1406660740 380402.9609375
1406660747 376987.8679245283
1406660781 321784.72641509434
1406660793 324941.301724138
1406660839 345776.78040540544
1406660867 325494.25290697673
1406660915 270549.0436046512
1406660925 261274.65789473685
1406660960 251807.4605263158
1406660972 249197.41428571427
1406661030 237446.30357142858
1406661042 238386.45055970148
1406661087 241333.35890858207
1406661097 249365.89994517545
1406661144 262120.9023919753
1406661178 239397.26119402985
1406661200 234824.00373134328
1406661211 233957.5625
1406661266 256932.1458333333
1406661277 253941.109375
1406661322 241978.57089552237
1406661344 255342.32374999998
1406661389 327169.155
1406661447 367311.3200892857
1406661459 392804.67890625
1406661527 566895.892
1406661568 541194.746
1406661584 537057.05
1406661663 376943.4146341463
1406661666 371599.93125
1406661690 335295.88125
1406661703 333133.17934782605
1406661749 313575.67934782605
1406661782 323795.9968354431
1406661806 248272.83544303797
1406661828 253908.1666666667
1406661872 265617.2239583333
1406661894 253827.30901442308
1406661927 247292.3076923077
1406661937 243905.99541284403
1406661985 246915.8702694954
1406662036 247640.61607142858
1406662048 240158.44429347827
1406662059 235345.18259214744
1406662103 255366.5926482372
1406662126 260067.75901442306
1406662170 289966.0564903846
1406662181 290602.5224514563
1406662228 313036.92945995147
1406662273 286214.4342105263
1406662285 266781.3676470588
1406662307 267007
1406662362 348481.97504340275
1406662379 362868.3277191558
1406662415 400529.4123376623
1406662439 448979.01666666666
1406662476 607495.1465277778
1406662505 618565.0434570312
1406662533 480685.90869140625
1406662540 479594.3177083334
1406662580 515868.6510416667
1406662629 577487.0213675214
1406662657 526852.7478632479
1406662697 530260.8414634146
1406662708 553459.8353658536
1406662739 525246.2548076923
1406662760 530718.4224137932
1406662797 554720.9107481061
1406662826 434009.6946022727
1406662841 359687.27587090165
1406662887 288895.4057112069
1406662899 282178.1632153614
1406662947 297864.2535768072
1406662970 277426
1406663005 239462.14232336957
1406663016 231508.7819511218
1406663071 259492.19951923075
1406663083 258963.19010416666
1406663120 329012.85308159725
1406663143 329571.2474609375
1406663189 338066.0705078125
1406663200 348556.4854266827
1406663293 502564.92665289255
1406663321 504003.64852941176
1406663366 392679.84705882357
1406663378 382393.6704545454
1406663427 346301.7414772727
1406663539 259965.33238636365
1406663542 261370.32692307694
1406663565 271815.0646551724
1406663600 256119.19750548247
1406663622 255995.62325093284
1406663667 274716.16844093404
1406663713 255329.2083333333
1406663725 228181.2518115942
1406663736 253903.18309294872
1406663803 544101.4189927184
1406663839 559852.21875
1406663884 500549.2681021341
1406663912 525405.6682545731
1406663921 504493.80345394736
1406663966 363001.0394736842
1406663969 357880.89
1406664029 351859.19
1406664041 351283.05
1406664089 322678.83064516133
1406664134 285966.40186915884
1406664141 288223.250146028
1406664196 253860.1548477564
1406664207 274157.0264423077
1406664219 269684.8362068966
1406664265 260644.65350877194
1406664276 262693.9731182796
1406664354 273473.07795698923
1406664358 270886.65985576925
1406664380 257878.3203125
1406664403 257726.71426930148
1406664448 263539.4331341912
1406664471 280386.91549295775
1406664511 306730.985915493
1406664519 315005.5679824562
1406664568 342474.26278409094
1406664596 313465.75047348486
1406664630 319373.88162878784
1406664634 311408.823125
1406664680 249961.9140625
1406664703 294940.84447115386
1406664745 534399.5714285714
1406664752 549116.6176470588
1406664830 348848.9574468085
1406664846 332552.7419354839
1406664869 336500.74596774194
1406664892 340667.58157894737
1406664960 362449.2684210526
1406664964 364999.5833333334
1406664987 418765.5625
1406665032 458027.95
1406665058 478124.3433333333
1406665062 476142.7443820225
1406665143 433892.0056179775
1406665147 426722.53921568627
1406665159 420752.15686274506
1406665194 413337.4528301887
1406665231 520547.6886792453
1406665265 536295.193877551
1406665284 418206.0816326531
1406665329 358936.48840725806
1406665346 327493.1214398734
1406665408 268834.352807971
1406665415 278127.0131578947
1406665460 321720.5263157895
1406665522 391294.9220183486
1406665525 245904.99082568806
1406665569 260664.60294117648
1406665590 319042.30974264705
1406665593 322313.3987215909
1406665653 324369.6856534091
1406665700 408271.1333705357
1406665737 482017.0860164141
1406665774 429558.57828282827
1406665799 455945.5080645161
1406665836 372850.67613636365
1406665843 350815.0395596591
1406665889 290017.21470170456
1406665946 239946.1457201087
1406665958 244939.4827665441
1406666052 413628.0079273897
1406666059 422012.65607766545
1406666082 447689.16000000003
1406666156 534423.74
1406666159 529780.1818181819
1406666204 305769.40909090906
1406666211 311268.64285714284
1406666253 448490.34705882357
1406666296 423225.7325965447
1406666314 398806.5134654471
1406666376 289159.3103298611
1406666386 282192.0106026786
1406666432 277443.2483836207
1406666444 289592.108621988
1406666489 350501.2620481928
1406666515 361214.94635416666
1406666549 296119.81548455055
1406666604 294234.87282274594
1406666671 517434.8105670103
1406666701 566303.171875
1406666774 525776.4859375
1406666790 389988.6609375
1406666801 390988.4231954225
1406666848 472858.9330985915
1406666861 493905.62962962966
1406666922 614664.0648148148
1406666929 598357.9685968137
1406666964 311215.56158088235
1406666973 276210.59483173076
1406667029 234648.83290578358
1406667040 233670.56529850746
1406667085 244565.05970149254
1406667096 244548.7453125
1406667140 218054.4765625
1406667162 211474.53467345505
1406667207 248410.90282654495
1406667229 256116.544921875
1406667273 246400.416015625
1406667295 252363.1294642857
1406667329 251208.26785714284
1406667351 248446.0248325893
1406667385 258492.9120244565
1406667397 266507.91981907893
1406667442 296778.8360541045
1406667464 324243.1145833334
1406667508 431042.6
1406667519 440215.09285714285
1406667610 326654.29285714286
1406667648 268668.3548387097
1406667672 243094.18181818182
1406667692 237786.6361607143
1406667714 236426.1359375
1406667747 227582.3111979167
1406667768 221391.98648648648
1406667811 234605.88999155405
1406667821 232651.70532226562
1406667865 201540.63061523438
1406667875 205657.1666666667
1406667919 269418.9
1406667930 279936.6273584906
1406667988 245929.84433962265
1406668025 273947.8369455645
1406668050 266729.9375
1406668073 246151.5140625
1406668157 299322.5953125
1406668160 296692.3125
1406668173 271811.125
1406668184 254111.5708955224
1406668229 213790.4291044776
1406668240 209186.58984375
1406668293 208157.16891891893
1406668314 199396.4166666667
1406668346 201889.90798611112
1406668356 198363.85980902778
1406668408 167916.52300347222
1406668418 170914.93095128675
1406668459 188668.8955078125
1406668522 277339.9690946691
1406668544 285052.4947916666
1406668588 267234.1388888889
1406668598 259800.43194901315
1406668655 224398.64483963815
1406668664 222395.2948416096
1406668707 238788.72089041094
1406668728 239997.2763157895
1406668764 226601
1406668782 229980.00461065574
1406668825 277853.7322716346
1406668834 284521.0700431034
1406668890 273700.3895474138
1406668912 259138.64872685185
1406668944 212711.37624007935
1406668975 194346.375
1406669005 196335.1875
1406669015 194571.71875
1406669067 193164.65625
1406669077 189573.12623762374
1406669127 171903.75742574257
1406669168 161567.92085040984
1406669188 171884.4676067073
1406669209 181957.94254032258
1406669250 180005.953125
1406669291 171947.6669921875
1406669312 173749.361328125
1406669322 170984.1341145833
1406669372 173382.68973214284
1406669392 191178.32352941175
1406669423 247285.02380952382
1406669434 263663.1111111111
1406669489 329397.2916666666
1406669522 320735.7689144737
1406669546 300166.29598214285
1406669557 295921.0084134615
1406669611 244911.05975506757
1406669631 226210.9140625
1406669664 237439.1484375
1406669675 238396.53
1406669727 268158.2478125
1406669739 265947.44580078125
1406669780 203006.2625732422
1406669791 199980.2336448598
1406669845 252239.53971962616
1406669887 244996.4166666667
1406669908 224702.73387096776
1406669949 193310.5450819672
1406669960 214728.03278688525
1406669969 226617.05357142858
1406670023 356069.11095505615
1406670058 367083.51865671645
1406670090 342945.51363636367
1406670113 353118.8122159091
1406670167 558925.58125
1406670200 614518.6245404412
1406670235 678503.1395833334
1406670275 632215.858004386
1406670349 495286.700625
1406670375 625633.4071428571
1406670384 679975.2727272727
1406670419 737634.4383561644
1406670457 695295.1333333333
1406670464 678748.9785932722
1406670509 599937.3409785933
1406670599 575702.0657492355
1406670724 510506.18348623853
1406670784 408765.9342105263
1406670800 371614.8214285714
1406670812 351732.14285714284
1406670871 341734.72023809527
1406670884 325634.1841325431
1406670929 253559.1053340517
1406670971 210776.2682291667
1406670992 206647.203125
1406671044 237807.17782738095
1406671055 241708.81681034484
1406671109 315625.4601293104
1406671131 300800.2631578947
1406671166 242390.625
1406671187 238563.20388349515
1406671228 274351.9535042476
1406671269 295039.7132222877
1406671291 249870.62374705187
1406671334 295840.876953125
1406671344 338938.935546875
1406671355 349190.57536764705
1406671401 299118.54963235295
1406671412 298698.69907407404
1406671465 283476.5787037037
1406671509 380627.0505514706
1406671521 435113.3612132353
1406671533 466535.8142857143
1406671591 481442.1638392857
1406671603 462675.60011574073
1406671649 386559.7781635802
1406671672 334869.17272727273
1406671704 308033.2727272727
1406671716 321099.18656716414
1406671760 380100.36543843284
1406671771 390189.2658482143
1406671830 333595.69366197183
1406671842 318952.8369565217
1406671887 345773.4130434783
1406671899 337245.4835526316
1406671944 319557.87723214284
1406671955 322322.0884615384
1406672009 350870.49715909094
1406672065 378514.0672348485
1406672075 372873.6463068182
1406672120 288572.62784090906
1406672130 274043.76541385136
1406672184 249205.81271114864
1406672194 247108.130859375
1406672248 260242.8259139151
1406672300 289143.7260664683
1406672311 294438.5714285714
1406672365 312954.0357142857
1406672377 309375.773255814
1406672430 272165.3343023256
1406672451 261916.7641509434
1406672483 252275.64285714284
1406672493 251665.88461538462
1406672548 283238.2708333334
1406672559 283308.925
1406672603 230861.40798611112
1406672613 230726.83183913934
1406672664 259171.1500651042
1406672685 243131.17477876105
1406672727 216726.22746128318
1406672777 194406.20089285716
1406672787 226762.97544642858
1406672797 229029.75
1406672849 241034.02459016393
1406672858 238791.76470588235
1406672900 215223.65536556602
1406672911 211329.09925717214
1406672961 189328.16247351695
1406672970 188460.58196721313
1406673022 199143.55633802817
1406673041 204973.74364406778
1406673081 207516.69375
1406673091 203732.13676167582
1406673152 198665.35147664836
1406673172 193770.8419569672
1406673213 200088.95847486414
1406673264 219196.95457175927
1406673294 218189.95543573942
1406673325 191869.1476672535
1406673335 198143.39285714284
1406673383 262089.52857142856
1406673395 268354.60714285716
1406673446 206279.1875
1406673467 206096.41393442624
1406673507 244694.94565217392
1406673536 266195.8137807377
1406673568 274705.2162828947
1406673612 272782.9025297619
1406673631 252510.609375
1406673660 223005.47857142857
1406673691 203843.8392857143
1406673701 204166.8796875
1406673741 224957.62725105934
1406673760 229025.37831038138
1406673800 216448.7366727941
1406673811 220082.80582157258
1406673862 248476.36039959016
1406673872 247610.9156504065
1406673924 252567.66609502034
1406673985 275130.0809859155
1406673995 278289.50275735295
1406674049 235273.61920955882
1406674070 236276.8011067708
1406674112 243897.7001953125
1406674121 247650.25
1406674162 249519.78278688525
1406674182 252340.3801369863
1406674224 306560.3784246575
1406674235 315311.650390625
1406674288 383440.5625
1406674299 391082.4925742574
1406674345 363312.4047029703
1406674389 370362.9711538461
1406674412 394281.6790865385
1406674423 388668.560546875
1406674468 328848.33035714284
1406674479 328045.5625
1406674534 363248.1906738281
1406674543 364354.296875
1406674588 382405.90718283586
1406674610 379591.859375
1406674654 330538.5625
1406674674 333056.5492788461
1406674708 377071.0252403846
1406674719 381232.7408405172
1406674764 369112.1465517242
1406674795 375214.64554794517
1406674837 398788.45253537735
1406674890 363444.66347287735
1406674901 358402.121875
1406674945 313209.3286057692
1406674966 307836.72405660374
1406675008 311128.0471698113
1406675051 354219.3318181818
1406675063 362705.2472826087
1406675074 357171.5245535714
1406675119 311688.61513157893
1406675131 303955.2666015625
1406675183 319404.3828125
1406675195 320947.9564732143
1406675239 308434.03205128206
1406675273 316289.89925373136
1406675306 307601.8125
1406675317 303931.0924030172
1406675364 364984.32675438595
1406675374 368867.96778350516
1406675429 254327.1030927835
1406675461 231445
1406675493 274727.3488372093
1406675504 289247.4819711539
1406675545 248506.89976415093
1406675557 236133.0234375
1406675609 227890.4435483871
1406675619 230771.09210526315
1406675661 259536.88207236843
1406675704 286388.3193824405
1406675724 257819.07421875
1406675745 263370.23955502716
1406675786 228723.7984035326
1406675816 238593.2291666667
1406675848 243296.42361111112
1406675858 243757.07317073172
1406675900 196463.65548780488
1406675930 191915.48828125
1406675960 196842.44771634616
1406675969 196925.8015625
1406676020 197095.2265625
1406676071 193252.1835387324
1406676091 189674.2661637931
1406676100 189931.23046875
1406676141 192322.638960041
1406676161 197831.5877175633
1406676211 214195.60779272154
1406676220 218038.16060267857
1406676261 200548.7924107143
1406676281 200881.5338541667
1406676321 185802.92902728874
1406676352 165285.19908854167
1406676381 163735.972265625
1406676392 170163.55477335164
1406676452 196786.7519745879
1406676472 196900.81503080984
1406676501 198146.53080985916
1406676523 189786.9375
1406676563 185339.775
1406676573 185902.13058035716
1406676624 200828.86997767858
1406676633 200695.999609375
1406676684 224273.512109375
1406676693 226744.64084507042
1406676745 175369.2323943662
1406676755 179798.7098765432
1406676805 236940.30613425927
1406676826 259637.47084603657
1406676866 243039.57602896343
1406676887 245945.9126506024
1406676929 193659.5738893072
1406676949 190457.5610280797
1406676979 199562.57053894928
1406676998 207586.18502604167
1406677039 225256.84881524724
1406677089 218798.45525568182
1406677107 190230.58664772726
1406677127 181796.7444058642
1406677169 176951.75453317902
1406677188 174356.275
1406677229 199571.703125
1406677249 201439.21424788138
1406677288 207095.6399872449
1406677298 212736.16629464284
1406677349 233544.7503348214
1406677358 239955.88306451612
1406677411 228137.09677419355
1406677420 219456.0884375
1406677461 198242.66107253087
1406677501 202334.423828125
1406677525 192240.70967741933
1406677532 187794.14015151514
1406677591 190357.29107142857
1406677602 197744.94093406593
1406677652 255050.77472527474
1406677682 287048.45973557694
1406677704 302731.1302083334
1406677736 286032.7435963115
1406677765 242035.7701171875
1406677776 232065.54437934028
1406677826 198594.08062065972
1406677837 198224.48255813954
1406677887 195033.4941860465
1406677947 206451.8940770349
1406677955 206332.0393273305
1406678006 219373.08746189025
1406678037 231866.62897028687
1406678067 247141.171875
1406678097 258208.9594254032
1406678129 220179.83954326925
1406678149 196047.10044642858
1406678189 184190.2857142857
1406678199 185460.01218220338
1406678248 196700.43331068842
1406678268 196722.92795138888
1406678309 194527.24157986112
1406678338 203759.09075520834
1406678359 236731.5013020833
1406678369 239284.4040316358
1406678430 251343.9475308642
1406678440 253574.99725274724
1406678491 261394.92230425825
1406678521 272174.31755514705
1406678542 244259.79807692306
1406678560 226666.86270491802
1406678603 272240.9590163934
1406678621 280490.82258064515
1406678665 249625.2037037037
1406678675 237360.6106770833
1406678725 180455.3307291667
1406678735 177979.50715228874
1406678786 190110.03191021126
1406678796 195377.13370901637
1406678847 224730.3875
1406678876 235013.27611607144
1406678908 237670.88683035714
1406678917 241909.36440677964
1406678967 251646.57786885247
1406678978 245407.0478670635
1406679030 221429.66337985435
1406679081 220441.15522540984
1406679091 214536.5625
1406679121 182583.13775510204
1406679140 171466.20625
1406679161 168701.19898138393
1406687671 180267.35762791242
1406687681 180505.5559895833
1406687731 194527.2942708333
1406687791 220235.5833333333
1406687801 220186.8038990826
1406687851 184302.0499569954
1406687900 159391.92630208333
1406687911 160968.176171875
1406687920 164614.16135817306
1406687971 170766.11478365384
1406688024 166090.52854567306
1406688041 167775.47537878787
1406688081 188912.50568181818
1406688090 187745.92372881356
1406688140 181859.31944444444
1406688180 182606.015625
1406688200 173027.12025122548
1406688231 162869.10546875
1406688262 169012.81552933675
1406688280 176011.18036684784
1406688331 192296.130859375
1406688340 193462.61875
1406688391 199797.125
1406688411 206130.45952868852
1406688452 209762.46969436813
1406688502 187811.7669270833
1406688512 184738
1406688561 178594.00211864407
1406688571 180360.9583333333
1406688625 233635.6848958333
1406688642 228230.41433502908
1406688692 181674.89307776163
1406688711 167461.36775362317
1406688752 166946.85869565216
1406688761 167225.27173913043
1406688811 166124.75362318842
1406688821 169961.67857142858
1406688871 174073.07142857142
1406688881 176831.1106770833
1406688921 183463.9674479167
1406688931 183383.16956967214
1406688982 176673.808984375
1406688991 173616.53651685393
1406689052 143454.8274227528
1406689071 140541.3298483456
1406689112 155940.38373161765
1406689120 160833.53013392858
1406689170 217686.69308035716
1406689182 218210.86328125
1406689231 198271.5608723958
1406689242 192186.69703125
1406689281 196981.09296875
1406689302 197929.7163722826
1406689350 185385.60076800847
1406689361 187763.3264973958
1406689412 203124.1477864583
1406689422 206384.4657866379
1406689470 176629.9015625
1406689482 165895.7865010246
1406689531 174288.76059322036
1406689541 184151.02992957746
1406689581 224233.64964788733
1406689602 238275.656626506
1406689653 230172.60843373495
1406689664 226221.9344262295
1406689705 182581.75819672132
1406689714 179880.39130434784
1406689765 187500.69463315216
1406689774 188395.66450892857
1406689824 187106.71473214286
1406689835 182508.19051339285
1406689885 145429.5074776786
1406689894 142541.9289772727
1406689944 161012.02485795453
1406689973 169447.04010416666
1406690004 203869.63039434524
1406690015 211535.40431621287
1406690065 193605.12066831684
1406690105 190203.5729166667
1406690125 214848.1302083333
1406690135 227565.71754807694
1406690196 240675.32271634616
1406690216 240666.96444515308
1406690245 240487.24489795917
1406690265 234617.56915983607
1406690306 209363.59757812502
1406690365 201332.36567826703
1406690394 211298.8037109375
1406690426 264944.8505859375
1406690437 267802.2473958334
1406690486 258285.73919270834
1406690497 249097.10178571427
1406690547 208447.60066964285
1406690556 198398.5
1406690607 178788.296875
1406690627 168104.4895833333
1406690667 184502.0416666667
1406690687 190875.85381355934
1406690726 174981.728125
1406690767 166742.28137807376
1406690787 167686.1360452586
1406690796 167042.75595868644
1406690846 163731.2526041667
1406690856 164868.7734375
1406690907 168123.56875
1406690926 171759.92221467392
1406690966 191160.81725543478
1406690976 197463.23387096776
1406691028 251229.2091733871
1406691038 249442.0026041667
1406691088 196117.18180614407
1406691097 193950.87632415254
1406691147 212595.9466145833
1406691157 215046.16380635247
1406691208 201125.68404017857
1406691227 191095.31861979165
1406691268 182486.29243259804
1406691278 187050.18019979508
1406691329 213526.15546875
1406691348 210551.31396484375
1406691389 204184.787109375
1406691409 193360.9250529661
1406691448 176516.10609375
1406691459 177804.7024629237
1406691507 204617.48212394066
1406691518 208376.51149553573
1406691568 232243.70011160715
1406691577 229876.48129401408
1406691628 230894.15393926058
1406691639 227514.16964285716
1406691698 231609.21538461538
1406691748 229917.50384615385
1406691769 221490.15704449153
1406691807 189430.8582974138
1406691827 186549.55039612675
1406691869 203051.41560299296
1406691878 210888.24774894066
1406691928 289368.1316964286
1406691948 308284.7884615385
1406691980 277061.2298387097
1406692010 254776.5546875
1406692048 346056.8625
1406692060 342290.84589041094
1406692102 303378.3065068493
1406692121 275172.3987068966
1406692160 220607
1406692190 210141.89130434784
1406692229 204373.49576271186
1406692249 199251.10849056602
1406692282 208945.22865853657
1406692290 209547.7372881356
1406692341 176696.66651785714
1406692360 188150.9535205696
1406692411 296229.09068433545
1406692420 302025.0654296875
1406692473 222435.064453125
1406692483 218333.5833333333
1406692527 207852.6349206349
1406692546 197240.8333333333
1406692587 186326.1911764706
1406692597 187612.7083333333
1406692647 196781.7857142857
1406692667 196585.4647887324
1406692708 186580.26760563382
1406692718 185431.075
1406692767 197035.3675
1406692808 175045.16431864753
1406692828 194988.59574142157
1406692859 269884.39154411765
1406692879 250535.48170731706
1406692900 209303.29597848363
1406692940 224619.5359375
1406692950 227421.66882944916
1406692999 221682.29727224575
1406693009 225653.6640625
1406693059 221754.02138831967
1406693070 214867.53472222222
1406693131 185338.7676056338
1406693141 180994.95098039217
1406693182 171565.9661016949
1406693200 169662.5344827586
1406693240 163732.390625
1406693260 166241.03265881148
1406693301 182979.18799715908
1406693360 220436.87144886365
1406693370 219999.04545454547
1406693431 186617.44772727272
1406693470 187942.975
1406693480 191687.22239583335
1406693491 191800.03828125
1406693550 160042.88970588235
1406693559 158867.5625
1406693610 152347.25
1406693630 160624.7142857143
1406693660 171460.2857142857
1406693680 174966.04918032786
1406693721 169274.1165254237
1406693739 168418.6734375
1406693781 162437.503125
1406693809 158083.70667613635
1406693849 155145.44389204547
1406693869 156744.1700819672
1406693910 154264.07
1406693919 153385.39673913043
1406693970 172938.47826086957
1406693979 172857.59129213484
1406694030 152222.02528089887
1406694059 144869.59745762713
1406694089 138918.95
1406694109 136311.0357142857
1406694139 136454.5892857143
1406694159 132356.06352459016
1406694200 121627.00308641975
1406694240 141548.09745762713
1406694259 176272.52890625
1406694270 182265.3935706967
1406694320 171046.6119791667
1406694330 176909.3932291667
1406694390 183569.6432291667
1406694440 200410.30106431158
1406694459 208146.38973214285
1406694510 196723.680859375
1406694519 189599.5515625
1406694570 178795.5
1406694600 174506.97524752474
1406694630 181185.0754950495
1406694671 188123.73035714286
1406694690 169072.42857142858
1406694700 166893.25
1406694739 151844.2375
1406694760 149957.21106557376
1406694800 167483.0416666667
1406694820 173558.8046875
1406694860 163941.6640625
1406694880 153049.1510416667
1406694920 141633.234375
1406694940 145937.97920334508
1406694991 152661.436018319
1406694998 153123.2884004237
1406695050 170094.80594758067
1406695060 168901.1796875
1406695100 143805.6127232143
1406695130 139904.94921875
1406695160 153738.53846153847
1406695169 155870.3125
1406695220 156384.22033898305
1406695228 158080.878125
1406695280 172094.72678257042
1406695299 169907.6643973214
1406695350 145924.0722477064
1406695408 123721.5848765432
1406695431 130500.48732069672
1406695469 151185.03290719696
1406695530 141986.4625771605
1406695550 138810.35
1406695580 147084.27734375
1406695590 150046.38169642858
1406695650 159548.69758702532
1406695669 157375.25416666665
1406695710 147992.04365808825
1406695720 148860.1640625
1406695760 160137.8703125
1406695770 159823.86253156565
1406695830 139110.95959595958
1406695859 135655.720703125
1406695890 141317.94491185897
1406695898 143924.11220561594
1406695940 160903.12511322464
1406695959 164382.9583333333
1406696011 184615.1666666667
1406696021 186706.08620689655
1406696060 243435.3364762931
1406696069 241443.6321824597
1406696122 244496.17083333334
1406696129 255389.68908514493
1406696191 336743.8619087838
1406696203 325181.4419221698
1406696244 313740.7807291667
1406696263 328026.4780190678
1406696303 242656.81326844264
1406696324 197650.39754098363
1406696364 181072.6716101695
1406696383 174976.01865234374
1406696424 189915.255859375
1406696444 181730.92085040984
1406696485 164554.609375
1406696493 164168.7325367647
1406696553 178356.25925925927
1406696574 183696.13890360168
1406696603 171980.44716631356
1406696612 172984.20561079547
1406696664 176927.10191761365
1406696713 170053.58016304346
1406696722 167001.01596467392
1406696733 174206.7799692623
1406696783 327682.7447916667
1406696805 369805.0097179878
1406696846 239103.0761242378
1406696865 220531.90403645835
1406696906 164830.69953125
1406696915 158567.55147058825
1406696966 158943.05147058825
1406696974 159433.1712962963
1406697025 156407.35706018517
1406697074 157237.19052734374
1406697085 158284.697265625
1406697105 154185.4497767857
1406697144 150978.09285714285
1406697155 149405.6240096831
1406697204 149294.2041153169
1406697215 147572.36806640626
1406697265 132566.87490234376
1406697284 130435.27767857142
1406697324 150487.28660714286
1406697335 150791.1029513889
1406697386 158784.90555555554
1406697414 166732.0833333333
1406697445 204027.6666666667
1406697455 205758.31870993588
1406697505 184875.49819711538
1406697523 190270.9546875
1406697567 239801.43506944444
1406697595 239325.65064102563
1406697625 173984.03525641025
1406697645 176015.2916666667
1406697685 227620.7780612245
1406697694 231087.0125
1406697745 198936.6662087912
1406697785 195336.7916666667
1406697805 205205.09615384616
1406697824 211646.7575
1406697864 195578.45750000002
1406697905 220957.49551741802
1406697925 233941.9140625
1406697945 224496.07454978814
1406697984 185153.88983050847
1406698004 169981.3064516129
1406698046 152754.5655737705
1406698065 157762.193877551
1406698105 184894.85204081633
1406698144 200368.43035714288
1406698165 176995.64285714284
1406698175 177425.5416666667
1406698225 171034.1875
1406698235 168362.6247351695
1406698284 161209.714453125
1406698295 160342.9587602459
1406698345 167620.29845727846
1406698374 167148.1541294643
1406698405 136868.93526785716
1406698415 140785.7138671875
1406698465 232385.775390625
1406698485 225880.18644067796
1406698524 160989.9125
1406698535 150858.2642857143
1406698584 130880.83928571429
1406698594 137302.29753521126
1406698645 232223.45246478874
1406698655 239854.587182971
1406698704 213864.287817029
1406698714 213698.10959507042
1406698765 222385.55446742958
1406698775 221539.30691964284
1406698825 218158.35714285716
1406698835 214704.64705882352
1406698886 214485.36112132354
1406698945 215712.36626838235
1406698995 185629.8203125
1406699005 211654.4497767857
1406699016 247404.9168133803
1406699065 225926.4972491197
1406699076 225393.455078125
1406699125 198671.00304555084
1406699135 195239.9427083333
1406699185 163411.19921875
1406699195 158440.71795886074
1406699246 165131.81704905065
1406699264 163524.23305084746
1406699305 152316.35539215687
1406699315 153162.2235915493
1406699365 177816.71654929576
1406699376 178090.346875
1406699425 154125.2734375
1406699485 128785.15944102113
1406699496 128956.02321428571
1406699544 146039.93772321427
1406699555 152505.8880635246
1406699605 186197.17438271607
1406699636 192274.76607142857
1406699666 171244.30178571428
1406699675 170018.7461599576
1406699725 157752.6113612288
1406699734 155009.22482638888
1406699786 199666.19656635803
1406699806 185560.21875
1406699844 165162.021875
1406699856 156456.88688380283
1406699906 158263.3738996479
1406699915 155070.4909957627
1406699965 132314.23763020834
1406699975 129649.97135416667
1406700025 126591.46549479166
1406700035 127522.125
1406700085 132357.0357142857
1406700105 137053.65254237287
1406700144 162730.185
1406700155 167144.09746413934
1406700205 163745.8893229167
1406700215 162699.2422863924
1406700265 151140.78965585443
1406700284 152126.39194915254
1406700324 161390.76715686274
1406700335 166607.8094512195
1406700385 188371.14786585365
1406700406 187705.625
1406700445 128747.23852539062
1406700454 122509.07667410714
1406700504 161350.04821428572
1406700515 168823.60245901637
1406700565 161891.9375
1406700575 155782.56340579712
1406700625 159188.8804347826
1406700634 156240.38586956522
1406700685 145142.86413043478
1406700694 143099.459375
1406700744 128211.553125
1406700765 128028.93333333333
1406700804 144883.5416666667
1406700834 153709.60546875
1406700864 163892.12439903847
1406700886 161165.60828993056
1406700926 135099.58572048612
1406700936 133151.16777012713
1406700985 133204.21676485657
1406700997 131149.803125
1406701045 125978.79202586207
1406701055 125045.82190393518
1406701106 118137.89525462964
1406701126 121045.20550847458
1406701165 139510.6925
1406701176 141130.23063380283
1406701227 121174.14084507042
1406701236 121594.86075949366
1406701285 144943.28322784812
1406701306 146219.96297554346
1406701346 162807.63315217392
1406701354 158706.321875
1406701406 131717.3971567623
1406701415 130747.41101694916
1406701465 132418.5411392405
1406701494 133266.3549382716
1406701526 139733.95322145062
1406701546 138291.2077047414
1406701584 135389.53640625
1406701596 134506.03125
1406701646 138926.095703125
1406701656 138471.6232069672
1406701707 140582.200700431
1406701714 142873.11278044872
1406701765 156279.21794871794
1406701785 163058.03348214284
1406701826 151461.8130580357
1406701835 150538.853515625
1406701886 138892.4943647541
1406701896 137578.53866525425
1406701945 143648.87747395833
1406701956 145410.71951844264
1406702006 148969.53236607142
1406702026 156806.7488082627
1406702065 174195.85425204918
1406702087 171710.90322580645
1406702127 158615.33901515152
1406702186 154430.5454727564
1406702205 153381.09348958335
1406702246 167339.59046875
1406702255 170082.2818080357
1406702306 174839.29799107142
1406702316 169879.9375
1406702366 153755.34533898305
1406702375 154286.53226902173
1406702426 143544.92085597827
1406702435 143863.859375
1406702486 146904.875
1406702506 148009.14756944444
1406702547 153500.83602430555
1406702576 158949.01171875
1406702605 164544.3296875
1406702616 173971.2997685185
1406702666 267900.01533564815
1406702686 320580.1046875
1406702729 494664.260625
1406702741 505921.67719414894
1406702786 417389.41589095746
1406702841 320003.13818705676
1406702870 293518.908234127
1406702904 316548.21136363636
1406702925 317846.59426229505
1406702965 258817.83333333334
1406702985 252588.15625
1406703025 254414.49652777778
1406703075 197699.91260593222
1406703084 184486.85625
1406703095 175138.92591145833
1406703144 182534.78760593222
1406703154 183941.04303278687
1406703205 174408.11595982144
1406703224 166818.1966292135
1406703265 142565.33146067418
1406703294 128620.72083333334
1406703325 126870.64166666666
1406703354 131723.55
1406703385 134348.28125
1406703394 134469.47437764832
1406703444 130772.50999735169
1406703453 132463.20717958861
1406703514 152258.99985166139
1406703523 154933.325390625
1406703564 156009.5299479167
1406703574 157196.1555989583
1406703625 181035.5999348958
1406703684 166801.97101449274
1406703694 164125.884057971
1406703744 183881.85903532608
1406703753 181779.937109375
1406703804 148322.85244278167
1406703824 142382.65892009495
1406703874 148062.20856408228
1406703883 151988.85
1406703924 190480.3608870968
1406703945 216508.125
1406703985 246448.953125
1406704036 268723.13780737703
1406704046 254493.125
1406704066 232565.375
1406704106 238025.875
1406704116 246275.7142857143
1406704166 315141.2857142857
1406704176 318534.0566037736
1406704219 298742.6220518868
1406704229 295416.72594246035
1406704282 257550.4750564759
1406704312 238690.558868838
1406704353 252272.3484375
1406704362 258127.62959558825
1406704404 248160.59615384616
1406704414 245284.64285714284
1406704474 247821.45652173914
1406704483 244762.40816326533
1406704523 223508.47887323942
1406704554 216026.5449004121
1406704584 236084.26854395604
1406704614 248394.24609375
1406704644 286719.322265625
1406704654 295901.60080645164
1406704706 275759.91468253965
1406704717 265355.1041666666
1406704767 225108.1848958333
1406704778 218151.6142418033
1406704828 217599.546875
1406704878 223582.7994791667
1406704888 222747.64285714284
1406704899 221623.11158854165
1406704948 215599.72278645833
1406704959 215534.30582157258
1406705010 242127.50230189733
1406705063 288186.1411830357
1406705071 287008.58350409835
1406705124 242463.90688344595
1406705145 243979.34475806452
1406705186 262572.5967741936
1406705207 262985.4967981557
1406705247 267857.9609375
1406705268 270321.359375
1406705311 237145.23217773438
1406705332 217229.4181985294
1406705362 235951.3671875
1406705372 246841.12525614753
1406705423 248518.19241431452
1406705434 247128.6883175872
1406705487 238471.7952398256
1406705509 242719.80883789062
1406705541 228941.17993164062
1406705551 233091.35745389346
1406705602 250521.7708333333
1406705623 245401.5859375
1406705666 234285.27976190476
1406705686 223679.25528169016
1406705726 220300.67990757042
1406705737 215808.79258241758
1406705787 207566.32065590657
1406705817 210996.03125
1406705847 236595.4625
1406705867 247399.3984375
1406705907 242363.0963541667
1406705927 232487.259057971
1406705967 200962.52717391303
1406705976 195186.89130434784
1406706027 170520.35869565216
1406706036 171966.0375
1406706087 220523.210546875
1406706096 222671.3488685345
1406706145 200522.4705615942
1406706165 206294.72222222222
1406706207 232750.88888888888
1406706217 246258.9117647059
1406706268 290227.5992647059
1406706309 325143.9260373975
1406706320 249311.51652151637
1406706380 229746.52356557376
1406706390 228249.6979166667
1406706440 223577.7333984375
1406706470 230272.79464285716
1406706510 233373.0833333333
1406706530 220601.95098039217
1406706561 217981.68595950704
1406706601 236779.3664172535
1406706632 218176.6806402439
1406706642 214111.76674107142
1406706692 230010.90513392858
1406706702 235596.2083333333
1406706752 246486.5603448276
1406706760 242673.68333333335
1406706801 242578.65416666667
1406706812 233686.3
1406706861 210339.88970588235
1406706880 205931.90833333333
1406706921 192790.07451923075
1406706932 194915.02142857143
1406706991 260285.23345588235
1406707000 264044.08895089285
1406707052 220747.32511160715
1406707061 216289.97305126404
1406707112 221872.22919592698
1406707141 224580.3158482143
1406707161 233710.39043445123
1406707182 231674.41985887097
1406707223 210233.5406057099
1406707263 223848.59234118852
1406707284 250235.62096774194
1406707325 292560.9350446429
1406707345 295596.3435267857
1406707354 293141.26004464284
1406707405 214339.4888392857
1406707415 206628.1875
1406707465 209909.75
1406707485 198405.56762295082
1406707526 166178.1838235294
1406707536 162453.1780790441
1406707585 163507.9881663603
1406707594 165778.3984375
1406707645 182683.2438151042
1406707666 182568.59375
1406707705 180750.4568965517
1406707724 179204.21729343222
1406707764 157503.5032762097
1406707786 146663.3276543675
1406707827 146570.3825301205
1406707847 144906.6647245763
1406707886 150092.00733418367
1406707896 152828.3333333333
1406707946 190602.67857142858
1406707966 203160.13169642858
1406708006 164481.9810267857
1406708016 164512.89130434784
1406708066 181541.81657608697
1406708075 181242.139453125
1406708126 190805.8076923077
1406708166 188493.5677083333
1406708186 167732.06310096153
1406708205 160021.20065104167
1406708246 220657.46323529413
1406708256 232141.2142857143
1406708306 208068.9107142857
1406708316 207095.16629464284
1406708366 223164.58370535716
1406708376 235053.75842927632
1406708429 374350.4859169408
1406708442 401896.03230932204
1406708488 418099.2734375
1406708567 359610.00390625
1406708570 355498.7
1406708612 286126.7473466981
1406708623 271592.5317708333
1406708672 261303.45606884058
1406708692 264830.56398809527
1406708724 227586.93043154763
1406708735 222719.9296875
1406708785 195259.7799479167
1406708795 191837.31182065216
1406708845 215035.02717391303
1406708854 215708.57608695654
1406708904 208132.22101449274
1406708914 214411.5625
1406708964 247052.05357142858
1406708984 241889.33452868852
1406709025 199759.05453125
1406709034 192811.10859375
1406709084 192174.61206597224
1406709115 202668.28928571427
1406709145 280655.4321428571
1406709154 277265.1028481013
1406709204 206042.3686708861
1406709224 204321.13831967214
1406709265 263913.1570159314
1406709275 265683.68528163584
1406709325 272445.20543981483
1406709346 238389.4
1406709384 172069.15357142856
1406709395 164044.6671362705
1406709445 215398.86795594264
1406709456 220881.403046875
1406709506 207569.321015625
1406709545 200319.39406779662
1406709565 215329.3333333333
1406709575 220141.6436987705
1406709626 181316.46324282786
1406709636 179033.14765625
1406709684 209539.96734375
1406709726 220042.2060706967
1406709745 210767.37526939655
1406709755 203105.21298668033
1406709806 185513.83368644066
1406709814 186700.96666666667
1406709866 188406.7868852459
1406709875 185970.375
1406709924 196359.1666666667
1406709944 201157.5
1406709985 218601.875
1406709996 222936.39344262297
1406710046 224965.09493670886
1406710075 220313.22777777776
1406710105 214991.76944444445
1406710136 207289.79791666666
1406710165 206196.075
1406710186 209044.13636363635
1406710225 210111.52130681818
1406710264 210571.16956967214
1406710286 217542.86693548388
1406710295 224029.2625
1406710346 264979.35035211267
1406710366 275543.6649590164
1406710407 259258.76902721776
1406710428 246653.49129293894
1406710468 257705.96391937023
1406710529 250205.09971374046
1406710538 245458.37764246325
1406710588 206521.95829503675
1406710597 200586.646484375
1406710648 177683.2706866197
1406710668 173800.5
1406710709 174716.9792108051
1406710727 178205.0028125
1406710759 199337.39500762196
1406710768 203427.1018973214
1406710829 187657.55771484374
1406710848 184186.923828125
1406710889 205187.98207720587
1406710899 207899.05085495283
1406710942 186611.2757352941
1406710950 183405.27262931035
1406711000 171737.29965572036
1406711009 173142.51766304346
1406711069 233355.09239130435
1406711078 248285.9764683735
1406711131 296792.8934487952
1406711152 316249.6266942771
1406711185 270910.1159638554
1406711214 273159.657079646
1406711247 294423.4435840708
1406711298 340802.09300595237
1406711310 351472.0448971519
1406711366 334538.4367088608
1406711377 324303.79276315786
1406711423 212103.0625
1406711442 189216.3665254237
1406711482 178481.875
1406711510 184149.83951271186
1406711541 229418.56510416666
1406711552 245473.75825264084
1406711612 256943.9453125
1406711632 278724.1984375
1406711662 352094.8676470588
1406711683 379802.66315789474
1406711726 368156.17730263155
1406711757 360307.3228365384
1406711791 314832.0059027778
1406711802 304263.7014160156
1406711844 308206.1267089844
1406711855 310986.2
1406711899 320640.63917525776
1406711952 323651.9645996094
1406711963 323055.3802083334
1406712006 346328.70985576924
1406712028 366178.6787109375
1406712038 369394.76669034094
1406712093 375005.96786221594
1406712116 351288.7722800926
1406712147 266876.75
1406712168 229397.13962765958
1406712209 220108.16223404254
1406712241 205627.43055555556
1406712270 210055.69965277778
1406712281 205056.95476310485
1406712332 209641.5484375
1406712341 211420.9008152174
1406712381 199899.96433423914
1406712401 202195.87046682098
1406712451 205915.22241512345
1406712462 206148.9196977459
1406712502 195615.47925204918
1406712512 193943.30078125
1406712562 207512.47417902542
1406712571 212821.80809859154
1406712633 206182.93935643564
1406712672 181265.0234375
1406712681 189450.2857142857
1406712693 206093.0609879032
1406712743 217204.2734375
1406712793 196818.35235699153
1406712802 192480.66248022154
1406712862 211729.07120253163
1406712872 210070.786971831
1406712933 231593.36971830984
1406712943 238132.23560049018
1406712984 233654.40711805556
1406713015 253080.27658420138
1406713044 295923.8919270834
1406713056 314451.237012987
1406713100 326196.0227272727
1406713121 333707.33870967745
1406713164 332328.0322580645
1406713193 311000.1902083333
1406713228 313272.5485416667
1406713239 300145.38665674604
1406713291 238447.63975694444
1406713311 217552.3125
1406713350 188877.253125
1406713371 183481.6371670082
1406713400 211732.82658811475
1406713411 220504.23098466982
1406713474 258638.0212264151
1406713506 292645.11574074073
1406713528 289451.0045955882
1406713540 288014.29528601695
1406713587 344879.3538135593
1406713599 351673.0646551724
1406713645 344906.1354166666
1406713668 330253.553125
1406713705 296876.9194444445
1406713713 291224.61805555556
1406713768 271340.61163651315
1406713789 268721.32346270164
1406713830 256028.93954918033
1406713850 245399.551056338
1406713891 214398.536971831
1406713901 212982.00275735295
1406713942 238434.5427389706
1406713952 243415.0529233871
1406714004 248066.03225806452
1406714014 246388.82448814655
1406714068 237752.6767241379
1406714120 225213.43446180556
1406714140 227051.7857862903
1406714182 221888.71939036885
1406714201 214525.7142857143
1406714252 208723.9756097561
1406714283 201380.75980392157
1406714303 197224.5833333333
1406714313 196520.2291666667
1406714363 192155.16737288138
1406714372 196118.4929577465
1406714425 218893.1320422535
1406714434 229985.17253521126
1406714481 299153.54577464785
1406714496 313099.03125
1406714541 304530.0267857143
1406714552 299756.2358870968
1406714603 281205.3445121951
1406714634 305403.1340332031
1406714667 368372.8733675373
1406714701 394130.5750385802
1406714744 419303.3202160494
1406714748 419953.9555288461
1406714796 429840.29343463306
1406714854 431770.21115252294
1406714857 431269.94147995283
1406714960 538523.9185185186
1406714971 628703.8840277777
1406714992 624789.9735169492
1406715030 476928.5
1406715049 400853.923828125
1406715086 313527.9739583334
1406715097 304383.88839285716
1406715141 330942.1294642857
1406715163 328596.1418918919
1406715205 305039.34459459456
1406715215 305385.85845588235
1406715268 323898.98327205883
1406715290 326940.06473214284
1406715324 283949.7272727273
1406715345 281418.8333333333
1406715387 262313.9643278302
1406715398 263707.45347481343
1406715454 297595.9328125
1406715498 290250.15705128206
1406715510 310631.733974359
1406715532 300643.31640625
1406715566 273867.95539772726
1406715587 247214.85900878906
1406715630 198244.29628696237
1406715680 177497.7741477273
1406715691 179701.54524147726
1406715740 185343.33460365853
1406715773 196603.7390625
1406715815 215054.9039522059
1406715824 215903.1673387097
1406715865 223002.1935483871
1406715877 215168.10714285716
1406715928 175136.26229508198
1406715938 171412.2708333333
1406715988 177670.40466101695
1406715997 179618.76403601695
1406716047 175733.98090277778
1406716087 180296.27587090165
1406716108 199874.2640625
1406716117 210429.66440217392
1406716168 230282.49966032608
1406716177 236491.904296875
1406716220 247067.77933372642
1406716230 244140.644256162
1406716291 223522.89260563382
1406716301 225643.63319672132
1406716352 227860.5357142857
1406716371 216546.87298387097
1406716404 190326.53477822582
1406716414 189138.32589285716
1406716463 193539.31808035716
1406716474 197189.78048780488
1406716524 220108.77134146343
1406716545 213118.57957175927
1406716585 193255.13589891975
1406716605 188431.7140625
1406716646 226035.6775
1406716685 221439.89472336066
1406716707 196988.63341346153
1406716737 178628.4609375
1406716767 216470.5762195122
1406716778 225240.10245901637
1406716828 199415.51605504588
1406716887 174023.815625
1406716908 179431.02138831967
1406716948 210714.4953762755
1406716957 209403.874609375
1406717008 177089.06198770492
1406717018 180389.8173828125
1406717068 215815.958984375
1406717088 230970.59477459016
1406717129 235349.75499487703
1406717149 232356.86612817796
1406717188 251987.05434283087
1406717217 301016.45778729836
1406717250 369073.2393867924
1406717270 369912.05833333335
1406717315 305211.4552083333
1406717325 293662.4716109155
1406717366 293913.275528169
1406717386 275219.2469512195
1406717429 225939.44664634147
1406717448 210838.45750000002
1406717479 210550.35049019608
1406717499 213101.6119791667
1406717539 201550.6432291667
1406717559 196099.5981045082
1406717600 212841.72778799018
1406717610 223760.8515625
1406717670 301861.3984375
1406717681 307911.5066550926
1406717724 344839.0460526316
1406717757 392768.0390625
1406717790 378210.140625
1406717801 363815.4898174157
1406717846 331299.7649227528
1406717879 342718.7890625
1406717912 388362.453125
1406717923 394013.4799107143
1406717968 397349.03400735295
1406718025 429895.90390625
1406718028 430172.90721649484
1406718087 433114.58247422683
1406718122 420837.4322916666
1406718183 394409.5
1406718195 354808.79411764705
1406718206 296263.1001838235
1406718217 271774.76875
1406718271 373497.93076923076
1406718282 378140.3958333334
1406718327 316791.1060606061
1406718337 310508.25462962966
1406718381 328544.825
1406718392 327635.41791044775
1406718448 279472.11446629214
1406718481 256463.0340625
1406718512 241431.46260416665
1406718523 239848.73601310485
1406718564 252780.73714717742
1406718574 258304.92683531746
1406718627 294723.70738636365
1406718662 289513.6842105263
1406718684 311885.6323529412
1406718696 332151.9832589286
1406718740 286720.32407407404
1406718750 270658.47536057694
1406718805 252532.771875
1406718825 246451.1262571839
1406718869 247110.5321479885
1406718892 237766.63846153847
1406718922 250312.08978365385
1406718934 248086.18394886365
1406718988 245070.78344726562
1406718998 242562.828125
1406719052 231481.8137668919
1406719072 233017.45
1406719102 228673.5015625
1406719122 223522.2109375
1406719162 225446.48325892858
1406719192 224849.36328125
1406719222 217082.8515625
1406719264 215621.5423177083
1406719284 209858.51410590278
1406719294 214775.31506849313
1406719346 261262.25342465754
1406719357 262247.11941964284
1406719412 240770.96651785716
1406719423 235089.42520833333
1406719466 222188.051875
1406719487 222202.23319777398
1406719527 218181.88013698632
1406719539 219787.29054054053
1406719581 202178.59649493243
1406719601 196254.45811987703
1406719642 182841.44868259804
1406719652 184983.94214794302
1406719712 216554.32941060126
1406719721 223661.44444444444
1406719771 289093.2608024691
1406719793 282263.83726415096
1406719824 245125.179245283
1406719846 245534.5
1406719889 264976.04545454547
1406719901 267561.8461538461
1406719943 236530.8545673077
1406719993 208139.50102459016
1406720004 213834.85559475806
1406720024 236483.69184027778
1406720066 228036.40798611112
1406720076 228957.2611607143
1406720129 213664.71056547618
1406720181 223098.75589139346
1406720190 230369.373828125
1406720241 270459.2000440141
1406720261 274750.3342013889
1406720313 249755.36890243902
1406720343 233777.86388221153
1406720365 237476.21435546875
1406720375 241022.80166330645
1406720427 245437.50855654763
1406720459 233822.48524305556
1406720490 210115.6689453125
1406720499 204420.51232394367
1406720550 187300.00924295775
1406720561 188974.2025122549
1406720601 229795.303125
1406720611 235642.09984756098
1406720673 222026.57202743902
1406720683 222231.59083946078
1406720724 228792.15699404763
1406720746 251940.53298611112
1406720787 289612.6970844072
