METRICS_TIME VALUE
1406623655 104.5049458178845
1406623685 107.97500038146973
1406623715 107.25
1406623725 105.41666687512007
1406623776 104.08095365251813
1406623795 106.85555642445883
1406623836 109.69607843137254
1406623846 109.76639344262296
1406623897 112.17008196721312
1406623907 112.50595238095238
1406623960 110.575
1406624002 118.85681818181818
1406624015 119.42543859649123
1406624059 104.45
1406624070 107.1484375
1406624091 116.41532258064515
1406624132 118.09836065573771
1406624152 118.14285714285714
1406624202 109.13186813186813
1406624243 102.29411764705883
1406624253 99.36842105263158
1406624262 97.83898305084746
1406624312 96.14754098360656
1406624323 93.54000027974448
1406624372 97.9500015258789
1406624413 107.73875074386596
1406624444 115.94000015258788
1406624452 113.86111094156901
1406624504 102.31720302950951
1406624514 104.67361005147299
1406624553 112.87569421132406
1406624564 114.51041666666666
1406624615 117.72916666666666
1406624625 121.04713114754098
1406624676 139.8169004950725
1406624696 131.83333206176758
1406624736 119.03424600052507
1406624769 121.08203125
1406624790 112.8046875
1406624800 112.7123015873016
1406624853 115.30652173913043
1406624915 113.93859649122807
1406624967 112
1406624978 114.5
1406625000 115.80952330998012
1406625044 129.92856992994035
1406625090 133.32921411961684
1406625125 135.67209733050802
1406625160 126.67753435217816
1406625182 127.86666564941406
1406625216 119.11818195689808
1406625270 120.79923089834361
1406625281 117.72794117647058
1406625304 112.12134605541564
1406625338 120.26465455778353
1406625395 126.8305564880371
1406625428 127.83529411764705
1406625471 131.94264705882352
1406625480 132.91463414634146
1406625512 128.2906976744186
1406625523 126.79729729729729
1406625577 125.75675675675676
1406625586 125.16923076923078
1406625631 117.14038461538462
1406625642 118.29166666666666
1406625697 133.3022151898734
1406625721 136.31465517241378
1406625755 140.55
1406625766 138.91964285714286
1406625811 120.89772727272728
1406625821 118.17628185565655
1406625876 125.54761777605329
1406625898 132.02380875178744
1406625932 127.86054377653161
1406625996 105.16666649483346
1406626006 103.25409836065575
1406626057 104.96987873674875
1406626089 105.74096307409815
1406626120 100.5577306172934
1406626140 98.82107843137254
1406626180 101.4132360570571
1406626222 101.08644116935083
1406626243 117.12965984667761
1406626298 115.95714242117745
1406626320 111.97916666666666
1406626351 111.6270840962728
1406626394 107.4614577293396
1406626415 120.79426956176758
1406626426 127.49166564941406
1406626470 120.67672413793103
1406626513 117.78695652173913
1406626542 142.5880434782609
1406626585 270.1968085106383
1406626596 357.80142098284784
1406626636 443.863637750799
1406626656 215.4287917397239
1406626684 158.14032425418978
1406626718 115.2331081081081
1406626758 125.21639620873236
1406626780 129.66666412353516
1406626792 128.63333129882812
1406626840 118.35365853658536
1406626874 115.3076923076923
1406626905 124.25
1406626915 126.23717968280499
1406626958 133.78205231886642
1406626970 135.52381079537528
1406627014 144.55604846920588
1406627070 126.38495575221239
1406627083 126.4183580149775
1406627139 121.909093059193
1406627193 115.51558487136643
1406627206 129.69155863972452
1406627216 127.87994371834448
1406627260 120.85169607906019
1406627265 120.70883661293121
1406627321 119.8644578313253
1406627343 128.63392857142856
1406627377 128.92962866889104
1406627388 124.94999821980794
1406627443 125.62972256674695
1406627500 129.54477845376996
1406627522 129.37255073996153
1406627556 128.53921867819395
1406627568 125.67231866868876
1406627615 123.52340951126612
1406627657 130.18209937766744
1406627684 133.70987673159
1406627696 138.77659574468083
1406627731 161.875
1406627778 167.23624653492158
1406627834 127.32258191672705
1406627860 118.75806324456327
1406627871 113.33666534423828
1406627915 112.18076770489031
1406627936 114.2769989013672
1406627978 114.63099975585938
1406627990 118.62816455696202
1406628036 171.30696202531647
1406628057 165.3148740937438
1406628104 133.2457827797419
1406628115 128.51637159075057
1406628160 148.94047669001986
1406628171 154.02666638692222
1406628216 147.72666524251304
1406628220 147.7941161211799
1406628301 146.99999976158142
1406628316 148.8108108108108
1406628338 156
1406628349 158.22535211267606
1406628405 130.28169014084506
1406628409 131.29032258064518
1406628456 150.8266129032258
1406628467 152.87570597761768
1406628515 134.6333320617676
1406628547 124.89393886219372
1406628570 121.63970588235294
1406628581 120.82051282051282
1406628637 120.42948717948718
1406628648 121.46703296703296
1406628704 138.55677401364505
1406628728 139.72548855052275
1406628761 135.4313721376307
1406628772 136.79241071428572
1406628817 133.67857142857144
1406628828 129.2865168539326
1406628884 124.09363423036726
1406628906 122.36458410535539
1406628940 127.075
1406628981 126.95673076923077
1406628992 123.23214285714286
1406629002 120.92394220261346
1406629055 121.44973906259688
1406629065 120.35417020320892
1406629119 119.53333473205566
1406629173 122.8975004196167
1406629183 120.62666549682618
1406629239 129.62462661515423
1406629250 132.66574011908637
1406629293 135.59393634218156
1406629349 140.80895472284573
1406629360 149.3888880411784
1406629382 161.71309389386857
1406629416 156.5339201542369
1406629473 168.65058885540878
1406629496 164.3888931274414
1406629542 162.4220774266627
1406629573 161.17968434095383
1406629601 146.6151060461998
1406629659 141.0598960518837
1406629670 140.8020830154419
1406629725 138.97916984558105
1406629747 137.0500015258789
1406629780 120.75
1406629789 120.60576923076923
1406629832 162.03773584905662
1406629842 167.33858267716533
1406629896 140.4002650103231
1406629959 130.20964997944077
1406629991 127.21913655598959
1406630013 120.45348899309025
1406630034 116.07058792114258
1406630077 125.59607620239258
1406630098 125.96666494516225
1406630142 123.37179487179486
1406630176 122.73181818181818
1406630197 124.66477272727272
1406630220 127.16805555555555
1406630265 128.98055555555555
1406630287 128.11635272907762
1406630318 126.6411577341508
1406630336 125.06944529215494
1406630372 114.90131578947368
1406630393 112.19886363636363
1406630438 115.70535714285714
1406630449 115.875
1406630493 116.54166666666666
1406630515 117.23671901226044
1406630557 116.5333340962728
1406630610 121.2765857757084
1406630641 117.86249923706055
1406630672 118.63443396226415
1406630694 118.8581081081081
1406630746 115.28082191780823
1406630767 118.80813953488372
1406630800 122.72093023255815
1406630832 124.2923076923077
1406630865 119.05555555555556
1406630886 116.86805555555556
1406630919 114.10714285714286
1406630942 113.25491040093559
1406630975 120.61999923706054
1406631017 136.04210492184288
1406631039 128.8236840900622
1406631051 131.15677966101694
1406631098 125.05172413793103
1406631109 125.58227848101266
1406631155 140.3354430379747
1406631177 143.2463768115942
1406631213 121.8768115942029
1406631224 120.42608695652174
1406631324 112.70869565217392
1406631328 112.65384615384616
1406631338 109.03846153846155
1406631350 110.5909090909091
1406631404 116.83333206176758
1406631415 118.56196471972343
1406631459 123.14316328977927
1406631482 125.29394066550515
1406631514 117.87037164193612
1406631536 112.46907314811784
1406631578 132.42139218517184
1406631611 129.17463235294116
1406631634 139.09558823529412
1406631646 135.58333333333331
1406631701 127.56944190131293
1406631724 122.49382570054796
1406631755 124.13372093023256
1406631767 127.32692307692308
1406631822 143.09615384615384
1406631833 143.68
1406631876 128.01999999999998
1406631897 128.9453125
1406631940 143.88333114624024
1406631947 144.5893445359063
1406632003 142.3041237113402
1406632037 131.11184210526315
1406632058 127.05592105263158
1406632079 118.97727272727273
1406632124 132.51785714285714
1406632135 129.72685185185185
1406632178 130.83490566037736
1406632188 133.48134328358208
1406632245 146.11363636363637
1406632254 144.98181838989257
1406632300 136.4152038975766
1406632311 136.2936812985328
1406632362 124.33391947141835
1406632382 121.86929154069456
1406632424 130.48230377615315
1406632435 132.32098459314417
1406632478 132.91820681536637
1406632489 130.79629399226263
1406632530 130.78703689575195
1406632595 127.27222239176432
1406632605 126.53968253968253
1406632658 122.66609589041096
1406632678 127.71064885457358
1406632719 129.25289694468182
1406632730 130.88063425631137
1406632782 117.28603749661832
1406632793 117.41145938634872
1406632835 126.08854442834854
1406632846 131.2857163293021
1406632891 150.17164179104478
1406632913 139.46562552452087
1406632955 142.4000015258789
1406632976 156.1522306211435
1406633109 136.24968155781934
1406633112 136.0337837837838
1406633135 132.2927953359243
1406633146 130.71428775787354
1406633191 135.52631378173828
1406633203 135.48484594171697
1406633257 124.99834865154605
1406633304 118.4857142857143
1406633316 124.47142857142858
1406633327 123.54166687236113
1406633384 115.2141362926628
1406633406 115.19135877821181
1406633438 125.13565986101017
1406633449 127.84722391764323
1406633493 133.90277989705402
1406633504 133.80263412207887
1406633550 129.91666793823242
1406633596 126.10101098725289
1406633616 123.34848612005061
1406633629 128.4402995323067
1406633683 162.75882352941176
1406633714 158.64285714285714
1406633746 144.83333587646484
1406633781 128.44684008894296
1406633793 123.00718439036402
1406633804 120.97916666666666
1406633859 120.18055555555556
1406633903 117.86217948717949
1406633915 126.13141025641025
1406633937 123.2734375
1406633979 132.70754515449954
1406633990 135.6274486429551
1406634036 125.20588341881248
1406634047 123.79824688560085
1406634093 124.26900609334311
1406634104 124.93524096385542
1406634156 121.94728915662651
1406634176 118.875
1406634218 108.77122641509433
1406634229 108.34027777777777
1406634270 114.84722222222223
1406634290 115.58333333333334
1406634330 118.73469636878188
1406634339 120.16853753451643
1406634516 125.74137931034483
1406634562 138.97564935064935
1406634573 136.93993506493507
1406634593 143.75
1406634638 132.09375
1406634649 133.11111068725586
1406634704 131.70770889965456
1406634716 131.2166646784002
1406634759 129.828125
1406634780 127.95192307692308
1406634826 125.31089743589743
1406634837 125.52499961853027
1406634870 133.3999984741211
1406634892 134.47415615467543
1406634936 121.7224715157841
1406634959 118.83653846153845
1406634993 120.48076923076923
1406635014 120.97466216216216
1406635057 124.64301928958378
1406635067 125.04605373583342
1406635112 118.00328982503791
1406635133 119.50479408159649
1406635185 125.42943772645754
1406635240 129.48059674163363
1406635252 131.7321434020996
1406635296 141.1388914320204
1406635363 150.20833333333331
1406635396 160.3913043478261
1406635419 170.3913043478261
1406635432 192.88983050847457
1406635478 351.7307692307692
1406635497 354.2222213745117
1406635535 159.1259255303277
1406635542 135.45662124842812
1406635608 127.9652779897054
1406635614 127.70161290322581
1406635658 125.19677266766948
1406635670 124.5746258408276
1406635725 121.95512947669397
1406635735 123.62333374023437
1406635775 126.72450675216376
1406635786 124.37655997276306
1406635839 121.9391891891892
1406635860 125.47580731299615
1406635901 135.9656888176413
1406635911 136.6970920865498
1406635955 130.92261941092355
1406635964 129.59879032258064
1406636017 120.2331081081081
1406636038 115.80241935483872
1406636079 120.67307692307692
1406636090 123.63888867696127
1406636135 123.58585623538855
1406636145 123.23023813778593
1406636200 114.07989521616513
1406636232 117.62421179717441
1406636253 125.24731014620873
1406636263 126.76315689086914
1406636315 124.9315788269043
1406636348 128.0458337465922
1406636378 129.42083597183228
1406636387 130.22012746559
1406636431 124.60666412353515
1406636462 116.1825380779448
1406636502 114.28769801911854
1406636515 112.66363636363636
1406636557 122.45283119633513
1406636568 127.60000180441236
1406636620 142.14640890383254
1406636670 132.23750050862628
1406636680 130.02566225165563
1406636756 136.1456953642384
1406636799 124.71854304635761
1406636821 123.03333376370944
1406636864 121.58647925898714
1406636874 122.58333440927359
1406636918 123.64166688185472
1406636929 125.56000061035157
1406636973 128.9250030517578
1406636993 122.4250020980835
1406637037 124.11131948794959
1406637046 128.98059548904646
1406637104 135.00999973842076
1406637116 133.83695652173913
1406637159 130.59854767287987
1406637173 130.24782330056894
1406637219 146.76210988678548
1406637320 131.8070469798658
1406637335 132.0704697986577
1406637368 128.8846153846154
1406637391 123.82692307692308
1406637413 125.77307692307693
1406637456 127.3422619047619
1406637497 125.15588235294118
1406637520 122.30735294117648
1406637541 126.5929054054054
1406637583 139.5287162162162
1406637594 141.3339451081162
1406637638 122.26972401470219
1406637692 124.11276683401555
1406637732 125.55000050862631
1406637752 117.58928571428572
1406637774 108.80674549889943
1406637815 109.20655585117026
1406637835 111.85490073409736
1406637886 114.67990149703681
1406637917 133.97385466332528
1406637937 144.6111094156901
1406637947 139.92896076890287
1406637998 114.86182741965017
1406638009 114.11953061819077
1406638062 116.7202380952381
1406638093 122.46415005090103
1406638115 131.3499984741211
1406638137 139.8495477212442
1406638179 133.9774738002468
1406638189 137.0670959175407
1406638245 148.47619029453824
1406638256 150.80913978494624
1406638292 153.41935229557816
1406638338 143.58333206176758
1406638360 123.09420096355936
1406638384 120.04609834386947
1406638429 148.52837099927535
1406638454 145.85498007241782
1406638501 151.49567116080942
1406638506 149.30116981372498
1406638551 135.26169813724988
1406638558 134.342769838729
1406638604 137.42702925398544
1406638671 125.65045221689584
1406638731 118.16396531800966
1406638743 119.30303157459605
1406638775 125.97479084559849
1406638840 150.329829624721
1406638862 148.08581918744898
1406638896 147.9154224680431
1406638907 149.03731343283582
1406638965 151.8522380430307
1406639019 170.29601862893176
1406639030 173.8080346924918
1406639075 146.86940298507463
1406639097 132.0504382284064
1406639141 128.6513146852192
1406639151 128.79251573523698
1406639195 134.4795918367347
1406639239 138.7985074626866
1406639262 135.4
1406639284 128.86567164179104
1406639317 134.66417910447763
1406639329 135.23529456643496
1406639374 157.9926491905661
1406639385 157.2654787336077
1406639444 131.06666706630162
1406639455 127.63425925925927
1406639498 120.60151415738193
1406639510 120.4776718571501
1406639551 124.2166669028146
1406639580 124.81600046793619
1406639615 137.4560001118978
1406639626 136.125
1406639692 206.875
1406639707 191.0060975609756
1406639774 130.39622641509433
1406639790 130.68239248023843
1406639813 130.67329133899005
1406639857 128.07726537944467
1406639920 127.10264936030305
1406639941 128.140625
1406639984 135.68055555555554
1406639995 135
1406640039 121.625
1406640072 120.65
1406640094 129.75490031522864
1406640106 131.97700895112138
1406640181 125.70771032304906
1406640218 130.40795978147594
1406640240 130.55357142857144
1406640274 130.58116883116884
1406640317 134.93010752688173
1406640335 129.37526805426484
1406640367 134.1303034695712
1406640402 137.88219872387972
1406640423 136.97685538397894
1406640456 133.05556064181857
1406640477 127.66667105934837
1406640522 113.24404798235213
1406640533 114.7910447761194
1406640577 150.08022388059703
1406640589 155.83035714285714
1406640633 152.08333333333331
1406640655 148.2361963190184
1406640701 139.8967254732284
1406640764 148.9064417177914
1406640796 144.59328358208955
1406640819 134.24626865671644
1406640831 133.1067415730337
1406640875 146.8314606741573
1406640908 145.3706896551724
1406640931 132.93965517241378
1406640962 131.51719701857795
1406640994 129.6547644478934
1406641018 127.15113145214016
1406641053 151.46875
1406641074 165.6818181818182
1406641119 141.4285693849836
1406641130 138.49032483782088
1406641175 153.71102019279232
1406641223 152.91996402877697
1406641245 153.61348768275417
1406641302 128.75959105457332
1406641314 139.1833323392001
1406641357 183.94594594594594
1406641419 145.80405405405406
1406641425 146.89655172413794
1406641477 146.60309278350516
1406641522 135.23417721518987
1406641624 123.03164556962025
1406641635 121.10714285714286
1406641658 130.28571428571428
1406641694 127.52173979386039
1406641717 124.5772957732712
1406641727 123.84848612005061
1406641772 114.36111132303873
1406641781 114.23101265822785
1406641839 140.10865233216106
1406641851 140.60747343918374
1406641897 140.30344903880152
1406641909 141.02363704334607
1406641964 122.54863666187633
1406642007 128.38657407407408
1406642018 132.37234042553192
1406642054 137.07626963469943
1406642077 130.92401706471162
1406642088 127.75241332123245
1406642135 138.33091492583787
1406642146 135.9930534362793
1406642201 123.69642857142857
1406642223 122.33406481826515
1406642258 115.53703731960721
1406642268 113.24206334068661
1406642319 124.92659019288563
1406642342 125.86666814630682
1406642374 129.24031102380087
1406642385 130.21666793823243
1406642437 141.81666412353516
1406642449 144.29597499452788
1406642495 152.91228070175438
1406642506 152.37377492119285
1406642563 145.5281888176413
1406642574 143.49919321004626
1406642620 136.12459660502313
1406642666 137.5388349514563
1406642678 164.3859223300971
1406642723 156.078125
1406642742 139.97619047619048
1406642765 134.97916666666669
1406642799 147.52083587646484
1406642802 149.1506434220534
1406642851 165.85887096774195
1406642864 164.61519607843138
1406642916 149.32598039215685
1406642953 160.38524590163934
1406642977 178.05384615384617
1406643018 176.18951612903226
1406643039 156.86111111111111
1406643045 152.49358954796423
1406643117 141.0072153046375
1406643172 129.37853208638853
1406643176 128.49799323943722
1406643221 126.60040287799146
1406643255 130.01075326242756
1406643283 142.925
1406643295 147.1431626539964
1406643332 156.1054141704853
1406643393 143.4373268714318
1406643400 143.45726981529822
1406643458 138.0555534362793
1406643471 137.04507996606046
1406643519 151.15
1406643531 153.96428571428572
1406643620 128.42857142857144
1406643624 127.98192771084338
1406643635 136.93222891566265
1406643703 138.51388888888889
1406643743 139.81730769230768
1406643755 139.825
1406643803 137.88214460100448
1406643825 139.80311609624505
1406643894 168.36941654165997
1406643922 172.93636363636364
1406643949 153.890625
1406643954 150.7222224148837
1406644015 153.25124632422603
1406644021 153.18085349874292
1406644144 120.30496475544382
1406644156 134
1406644180 174.08695652173913
1406644225 172.60000228881836
1406644230 169.232145854405
1406644253 160.98122491970867
1406644301 146.8403764106858
1406644324 142.8855633802817
1406644360 163.5651408450704
1406644372 161.22007042253523
1406644420 138.72535211267606
1406644431 138.22321428571428
1406644476 149.53061224489795
1406644480 150.05263157894737
1406644539 148.32894736842104
1406644552 146.1185344827586
1406644597 138.7933673469388
1406644601 138.77364864864865
1406644659 131.47071817758922
1406644671 131.49999775606045
1406644716 134.62499887803023
1406644761 134.8642578125
1406644772 134.6171875
1406644840 150.08984375
1406644844 154.28947368421052
1406644912 263.9605263157895
1406644916 266.0346153846154
1406644973 137.4653846153846
1406644977 134.94354838709677
1406645032 122.97983870967742
1406645035 126.01020408163265
1406645081 236.62142857142857
1406645105 260.73275862068965
1406645143 207.33045977011494
1406645168 188.42857142857144
1406645213 167.1764705882353
1406645253 161.87628865979383
1406645260 165.15463917525773
1406645310 158.359375
1406645420 160.9159192825112
1406645436 157.8127802690583
1406645504 177.54110358541857
1406645533 177.4958831410349
1406645578 158.06995608482833
1406645585 157.72357512683402
1406645619 152.7111111111111
1406645630 163.86388982137044
1406645679 216.2348535711115
1406645707 183.39215985466453
1406645736 151.67034396003274
1406645747 139.19746376811594
1406645805 136.99868421052633
1406645842 153.64457831325302
1406645888 174.1179245283019
1406645895 169.85849056603774
1406645918 157.92924528301887
1406645941 143.3736263736264
1406646009 147.53333333333333
1406646016 149.79166666666669
1406646039 157.42857142857144
1406646051 164.79000000000002
1406646102 185.2725
1406646139 191.33870967741936
1406646195 159.16666666666669
1406646202 158.33333333333331
1406646233 165.2857168288458
1406646258 162.68478376969045
1406646279 158.21268656716418
1406646325 167.85924369747897
1406646340 183.46008403361344
1406646398 169.45481927710844
1406646423 164.8688524590164
1406646450 174.7172131147541
1406646459 174.34375
1406646514 165.82392698718655
1406646521 166.24087012304017
1406646579 177.78424657534248
1406646587 176.6730769230769
1406646638 156.87019230769232
1406646683 160.20070422535213
1406646709 172.9375
1406646715 173.1423076923077
1406646786 154.70127950815055
1406646834 160.4230769230769
1406646839 159.05026455026456
1406646874 160.8521133503586
1406646967 174.53703703703704
1406647023 160.71379310344827
1406647112 153.2798913043478
1406647115 153.57258064516128
1406647174 149.0078125
1406647179 148.34177215189874
1406647253 157.30555555555554
1406647287 170.86923076923077
1406647318 176.28571428571428
1406647350 161.25423728813558
1406647358 146.23446073370465
1406647377 141.63206042273572
1406647417 155.3956611570248
1406647498 168.7317073170732
1406647540 153.5978260869565
1406647544 152.03666666666666
1406647615 149.0952380952381
1406647649 153.85365853658539
1406647656 153.5568181818182
1406647693 143.203125
1406647724 142.3125
1406647736 137.8085106382979
1406647771 130.27536425383195
1406647782 133.03333587646483
1406647849 152.85
1406647876 156.7258064516129
1406647902 168.25806451612902
1406647942 151.625
1406647966 140.51724137931035
1406647971 139.9438202247191
1406648028 150.67837078651684
1406648055 147.26470530533993
1406648078 148.41519806164655
1406648136 132.68382122135964
1406648147 132.14034833406146
1406648193 137.9890097314185
1406648238 139.98986486486487
1406648263 134.31756756756755
1406648267 134.5292791418127
1406648324 135.75900691264383
1406648337 138.28358003986415
1406648391 144.55319246332698
1406648467 133.09101635006303
1406648478 135.41666666666666
1406648500 145.96568792006548
1406648512 150.37963217276115
1406648559 146.12345679012344
1406648581 147.24096385542168
1406648619 139.06626506024097
1406648642 137.68611111111113
1406648675 147.34444444444443
1406648709 147.05970149253733
1406648742 142.87132352941177
1406648777 133.02286585365852
1406648800 146.174799291099
1406648824 138.74011450298764
1406648859 137.1206896551724
1406648882 142.25
1406648916 145.56521739130434
1406648928 147.36999969482423
1406648976 139.55422382623377
1406648999 135.87151790570607
1406649055 160.0550847457627
1406649058 160.9471153846154
1406649095 132.71153846153845
1406649107 132.42753623188406
1406649302 150.53333333333333
1406649332 151.5487804878049
1406649343 152.4673913043478
1406649378 144.7588671420483
1406649390 143.00000381469727
1406649402 146.84976991465393
1406649461 168.9019107023875
1406649498 172.28271028037383
1406649523 147.0210280373832
1406649568 145.47169811320754
1406649577 162.94103773584905
1406649629 161.00872093023256
1406649663 182.66
1406649679 194.92857142857144
1406649691 190.16304347826087
1406649725 182.54223862739457
1406649764 182.3888914320204
1406649806 170.15536615404034
1406649823 172.6130926949637
1406649862 220.8092097232216
1406649880 239.28240797254773
1406649943 213.65625254313153
1406649988 190.28091467580487
1406650005 184.75
1406650022 178.98314606741573
1406650055 167.55337078651684
1406650094 164.6470588235294
1406650123 167.46354166666669
1406650142 168.64673913043478
1406650176 165.58695652173913
1406650215 166.974609375
1406650240 164.5909090909091
1406650259 159.83333333333331
1406650297 164.64150943396226
1406650312 169.6375
1406650367 173.225
1406650397 167.1153846153846
1406650425 155.57307692307694
1406650432 155.1458330154419
1406650481 180.34848230535334
1406650509 176.2030277598988
1406650536 155.16666412353516
1406650563 147.89675322676126
1406650649 154.06521739130434
1406650655 149.00000089757583
1406650666 139.1807935035835
1406650714 137.28248634984936
1406650725 138.66470588235296
1406650790 148.79705882352943
1406650799 149.45283018867923
1406650843 146.8828125
1406650912 154.880859375
1406650927 153.48529411764707
1406650950 151.9794148164637
1406650997 151.61314069093578
1406651087 146.46808510638297
1406651091 145.79761904761904
1406651160 153.30654761904762
1406651171 151.60416666666669
1406651190 142.375
1406651214 138.70108695652175
1406651259 138
1406651282 133.59950205105454
1406651326 121.08641848152067
1406651363 119.4607837340411
1406651373 136.84117760377774
1406651394 140.4400011698405
1406651440 152.4799978468153
1406651463 158.56178007454707
1406651498 162.29225352112678
1406651534 152.84322033898303
1406651557 143.87121212121212
1406651567 141.3582089552239
1406651613 146.05597014925374
1406651624 145.81009615384616
1406651681 140.89423076923077
1406651717 147.75423728813558
1406651740 153.83189655172413
1406651775 155.72572815533982
1406651843 150.99698795180723
1406651858 150.2704081632653
1406651892 147.37202535356795
1406651914 143.66666793823242
1406651936 145.27611940298507
1406651981 154.12903348861204
1406652029 150.04761984688895
1406652041 138.72619083949496
1406652051 138.5503726788421
1406652097 131.18208700151587
1406652108 136.49166361490887
1406652163 145.677611393715
1406652175 139.97169811320754
1406652228 132.84669811320754
1406652269 125.98113207547169
1406652281 129.26087089206862
1406652292 134.2492841523269
1406652339 154.40889882233182
1406652351 154.41617647058825
1406652424 142.5
1406652447 153.66176470588235
1406652458 157.9
1406652527 131.35416666666669
1406652530 130.62076271186442
1406652575 136.1822033898305
1406652586 136.6496271161891
1406652642 155.76764858470244
1406652699 181.69944852941177
1406652722 188.54166666666669
1406652755 149.83333079020184
1406652759 148.81144537106908
1406652838 135.7542108863291
1406652854 127.2000015258789
1406652878 130.04285714285714
1406652889 134.91544117647058
1406652935 123.87622676176184
1406652946 123.91666793823242
1406652990 120.72530887745044
1406653000 121.29273487971379
1406653057 126.32799163231483
1406653068 130.83189655172413
1406653111 136.1293103448276
1406653115 137.18617021276594
1406653183 128.10106382978722
1406653205 130.90168539325845
1406653272 151.58802816901408
1406653276 151.58333333333331
1406653322 134.41666666666669
1406653329 134.1875
1406653350 132.42741935483872
1406653360 131.15090090090092
1406653415 141.95585432997694
1406653461 149.30196201100068
1406653483 149.73333587646485
1406653506 150.41481670803495
1406653540 149.87222315470376
1406653573 149.70089285714286
1406653596 146.2311320754717
1406653626 146.01724006389748
1406653654 150.6282025850736
1406653678 149.29999847412108
1406653714 139.56796116504853
1406653781 136.31060384775137
1406653791 136.44696669145065
1406653836 132.4254355179636
1406653848 132.82575503262606
1406653891 144.16666666666669
1406653902 144.78109410983413
1406653958 139.38888850356594
1406653968 138.3219696969697
1406654024 135.40406976744185
1406654054 131.51470588235293
1406654075 129.31104651162792
1406654097 129.74440298507463
1406654140 134.19141638456887
1406654197 135.1735074626866
1406654209 135.9
1406654264 132.55625
1406654297 137.7019230769231
1406654320 133.1153871585161
1406654342 136.89957447541065
1406654375 136.37393237382938
1406654398 137
1406654495 133.23695804761803
1406654536 133.95000051682996
1406654557 138.24264705882354
1406654604 137.32608695652175
1406654615 122.0797114164933
1406654626 120.9328373012258
1406654682 126.09176284275698
1406654715 128.0380973815918
1406654736 135.5547637939453
1406654803 135.95079167683917
1406654858 131.65873209635419
1406654892 132.87056306120638
1406654923 120.84372210812259
1406654935 122.19047546386719
1406654979 130.9444465637207
1406655001 130.0952399117606
1406655035 128.1136370572177
1406655056 126.48106141523881
1406655101 139.112182030311
1406655134 144.96726369857788
1406655187 131.2202386856079
1406655213 127.10185185185185
1406655224 126.98148148148148
1406655268 146.72222222222223
1406655278 173.72727272727272
1406655323 196.3740157480315
1406655375 246.6673228346457
1406655405 175.08333333333331
1406655420 147.96875
1406655465 175.875
1406655477 183.09545454545454
1406655545 161.88636363636363
1406655572 159.03863636363636
1406655575 158.91
1406655635 137.61
1406655647 138.7785714285714
1406655693 159.4714285714286
1406655705 160.38596544767682
1406655750 143.6190481185913
1406655761 138.6244127515336
1406655821 121.72300430082939
1406655832 122.5
1406655876 136.36666870117188
1406655887 138.83333587646484
1406655942 143.72761239578475
1406655954 142.05281690140845
1406656013 131.04513888888889
1406656026 133.04891304347825
1406656059 129.0434791730798
1406656072 125.70175565753067
1406656116 131.55555597941083
1406656138 134.6513157894737
1406656181 147.92434210526318
1406656192 146.703125
1406656233 132.3125
1406656245 131.0905172413793
1406656298 125.39655172413794
1406656320 125.89285714285714
1406656353 135.05713980538505
1406656375 132.18157677901416
1406656418 128.50921008461398
1406656429 128.34126984126982
1406656481 131.66470588235293
1406656514 129.58333333333331
1406656535 128.33333333333334
1406656625 125.72619047619048
1406656640 123.92857033865792
1406656651 134.95952192034042
1406656660 134.5301256619967
1406656716 135.4128778631037
1406656748 135.40850515463916
1406656781 136.96649484536084
1406656813 142.45303178267045
1406656836 142.876193019322
1406656848 141.06274773092832
1406656892 131.07059119729433
1406656904 133.93636668812144
1406656980 156.60250015258788
1406656984 156.05555555555554
1406657018 142.23611365424262
1406657052 142.39766184488934
1406657075 143.004903681138
1406657086 141.38259010884298
1406657142 145.92832291864715
1406657199 146.3857603435275
1406657221 145.54166666666669
1406657265 154.42994505494505
1406657312 157.72033898305085
1406657324 153.2999991280692
1406657347 146.23571090698243
1406657383 132.6119026184082
1406657394 131.9229932374592
1406657440 136.07067764861674
1406657462 134.41666920979816
1406657496 139.36363890676787
1406657506 138.29762159075057
1406657550 125.10714285714286
1406657559 126.34902597402598
1406657616 137.97619301932198
1406657627 141.5931389752556
1406657672 134.26960619758157
1406657684 139.07183653732827
1406657730 148.22222137451172
1406657753 147.828125
1406657797 144.140625
1406657810 145.0977362173575
1406657856 142.91152332447194
1406657878 144.0105471067791
1406657924 156.4113905701456
1406657935 154.64034833406146
1406657981 143.65517188762794
1406657993 144.95
1406658037 165.6
1406658041 165.35303011807528
1406658092 145.82142602829705
1406658104 142.35734260688395
1406658151 134.1025849704085
1406658162 133.01666514078778
1406658217 133.25897627610425
1406658227 135.50000299726213
1406658273 145.87643985090585
1406658285 146.048852591679
1406658331 138.77873361521753
1406658343 136.82364086772122
1406658417 126.24629584418403
1406658433 126.08333226254112
1406658455 129.57945482120957
1406658476 131.23882962256363
1406658520 137.51503352528994
1406658552 137.05357142857144
1406658573 135.92857142857144
1406658583 136.11842105263156
1406658637 137.6078947368421
1406658668 137.95512941800632
1406658702 138.6287904219194
1406658712 138.9921896457672
1406658756 133.21614623069763
1406658766 133.34760273972603
1406658818 138.25513698630135
1406658829 137.97619047619048
1406658871 157.80952635265533
1406658881 153.8009968088634
1406658938 137.68589489276593
1406658959 139.5378778631037
1406659004 141.00497766750962
1406659026 144.66283714908292
1406659058 143.20574503931505
1406659091 148.5999984741211
1406659124 147.98979591836735
1406659179 147.80612244897958
1406659189 147.61415559951573
1406659231 135.5936091174818
1406659252 138.74102818415713
1406659296 142.64427947998047
1406659319 137.7171052631579
1406659362 138.9780727185701
1406659372 136.40740995053892
1406659416 134.37037291350188
1406659426 134.18018237964526
1406659480 128.15315349681958
1406659490 128.4318181818182
1406659535 135.81529850746267
1406659557 135.75992063492063
1406659598 130.58173076923077
1406659609 130.2851854960124
1406659652 133.63958485921222
1406659705 136.4535360625296
1406659717 126.21565708969578
1406659751 132.04545454545456
1406659783 134.15116279069767
1406659794 134.78444407145182
1406659838 146.9222203572591
1406659858 158.01476538935793
1406659912 198.0379746835443
1406659917 197.52314814814815
1406659962 161.48148148148147
1406659966 158.3529411764706
1406660013 137.90466101694915
1406660025 137.0986842105263
1406660070 144.77173747187075
1406660094 144.88332977294922
1406660130 138.33333015441895
1406660142 137.99166412353514
1406660210 138.61904507591612
1406660226 136.98941609216115
1406660261 152.2579360235305
1406660273 150.68442672979637
1406660311 154.64344725061636
1406660322 153.44073239178726
1406660382 153.4750015258789
1406660472 150.85857664233578
1406660519 149.76538461538462
1406660537 150.00454545454545
1406660561 137.92727272727274
1406660574 139.89336953111874
1406660620 156.22760017969276
1406660654 167.23016127329024
1406660683 157.80487879311167
1406660695 149.9140625
1406660740 170.841796875
1406660747 169.37014563106794
1406660805 174.38349514563106
1406660843 165.6326530612245
1406660854 159.14583333333331
1406660867 153.3362676056338
1406660915 137.6355633802817
1406660925 138.77958900341088
1406660984 147.80416412353514
1406660995 145.59626230700263
1406661030 146.13362016349004
1406661042 142.50932835820896
1406661097 145.07462686567163
1406661109 147.24691320348668
1406661156 144.04732579360774
1406661178 143.5
1406661222 128.33333587646484
1406661233 129.39583587646484
1406661277 125.3125
1406661288 128.94365646590046
1406661333 134.53134200822063
1406661344 138.48157742148953
1406661400 160.21052631578948
1406661447 165.66101694915255
1406661459 162.125
1406661471 159.42600024414062
1406661527 173.62233471679687
1406661584 173.5153211705825
1406661595 172.0589456325624
1406661663 137.1808968520746
1406661666 136.8208357810974
1406661703 134.91944414774576
1406661726 132.25892782211304
1406661759 130.58928571428572
1406661782 132.83333333333334
1406661817 128.7481884057971
1406661828 129.1940298507463
1406661884 131.45454545454544
1406661894 133.28773584905662
1406661937 138.14814814814815
1406661975 137.11153846153846
1406662002 132.3627049180328
1406662036 128.7111111111111
1406662059 134.44583333333333
1406662092 132.55357142857144
1406662115 130.41287878787878
1406662125 132.06691880659622
1406662181 137.7328405941234
1406662193 135.10310531874836
1406662240 132.259375
1406662273 147.1
1406662295 159.8529411764706
1406662307 161.96268656716418
1406662362 154.15277777777777
1406662379 150.51298701298703
1406662415 153.5551948051948
1406662439 155.88333333333333
1406662476 176.63055809868706
1406662505 195.74739837646484
1406662540 208.6518842635616
1406662599 205.7983870967742
1406662629 215.74489795918367
1406662657 225.6734693877551
1406662697 238.09756097560975
1406662726 170.2682926829268
1406662739 167.94375
1406662797 230.73125
1406662806 215.7159085707231
1406662830 162.9583339691162
1406662841 145.41979131698608
1406662899 142.66354455947877
1406662910 144.1059342723782
1406662958 145.05
1406662970 141.03879310344826
1406663016 136.4714912280702
1406663027 140.04746835443038
1406663083 167.24367088607596
1406663095 166.56632653061223
1406663132 168.6015625
1406663143 175.84558823529412
1406663200 187.8982142857143
1406663213 185.7611566969186
1406663293 179.00289021641754
1406663321 176.60489807128906
1406663378 153.46231576670772
1406663390 148.85610530687416
1406663539 151.37171052631578
1406663542 150.0961541395921
1406663553 148.94871931809644
1406663565 142.5747157129748
1406663611 154.73099718595807
1406663622 158.71641961852117
1406663678 148.512817969689
1406663713 139.08117715243634
1406663736 145.22222222222223
1406663803 165.89320388349515
1406663839 162.05555555555554
1406663884 169.41666666666669
1406663893 169.12941176470588
1406663921 158.6014705882353
1406663969 135.59166870117187
1406663981 136.83333587646484
1406664029 157.16666717529296
1406664041 158.75
1406664053 158.5241935483871
1406664134 155.3006993006993
1406664150 155.46503496503496
1406664196 158.66666666666669
1406664219 157.1357142857143
1406664231 153.82894736842104
1406664276 145.6875
1406664287 144.6121794871795
1406664354 158.76408450704224
1406664358 159.7763157894737
1406664392 144.25925733778212
1406664403 139.77296333613359
1406664471 149.68766658512627
1406664519 158.60137585512143
1406664568 165.95454545454544
1406664575 152.5909090909091
1406664596 181.8
1406664630 221.42857142857144
1406664645 242.69672193683562
1406664691 171.07471518680967
1406664703 150.89808385835278
1406664830 156.24591848733542
1406664846 161.26343831708354
1406664881 145.3709677419355
1406664892 148.25100367902274
1406664960 154.89357187661778
1406664964 154.8611085679796
1406664998 151.09722222222223
1406665032 149.49609375
1406665058 148.2578125
1406665062 148.68960674157302
1406665143 158.18539325842698
1406665147 163.44117647058823
1406665171 177.83823529411765
1406665194 213.9778375016882
1406665244 385.2774842444886
1406665265 339.95686528822955
1406665295 244.3
1406665329 155.0443548387097
1406665357 145.88132911392404
1406665408 143.01939655172413
1406665415 144.66008771929825
1406665476 155.16228070175438
1406665522 158.88172043010752
1406665536 147.94354838709677
1406665569 151.83125
1406665590 152.75416412353516
1406665616 156.71817987615412
1406665665 179.0909108248624
1406665700 169.15914482540555
1406665734 156.28993066151935
1406665737 155.375
1406665799 150.860688643022
1406665836 148.02651474692607
1406665843 147.9575759194114
1406665900 143.0287868152965
1406665946 187.95689655172413
1406665958 200.79347826086956
1406665969 196.54255319148936
1406666052 154.31194690265488
1406666078 149.391592920354
1406666082 148.86728395061726
1406666156 166.28703703703704
1406666159 165.47272741144354
1406666204 159.06363858309658
1406666211 171.2142889840262
1406666253 250.18235805735867
1406666296 213.9322509765625
1406666339 172.614501953125
1406666376 136.28546353603932
1406666386 133.13988304138184
1406666432 127.29310344827586
1406666444 127.1024096385542
1406666512 124.34939759036145
1406666515 124.1171875
1406666560 128.44522471910113
1406666604 136.35923423423424
1406666614 142.42004250191354
1406666671 147.50574624949488
1406666678 162.18774133441093
1406666701 159.85840315159743
1406666774 159.5792688509313
1406666790 203.66192434667573
1406666801 193.40140845070422
1406666861 160.31188118811883
1406666902 162.18852459016392
1406666922 148.25308453595198
1406666929 144.07189253264784
1406666973 133.33333079020184
1406666995 130.76368115553214
1406667040 130.32291691643852
1406667051 130.245
1406667096 139.39499999999998
1406667140 182.95833333333334
1406667152 190.29924242424244
1406667162 199.42532467532467
1406667218 129.35714285714286
1406667229 129.42857142857144
1406667273 130.74285561697823
1406667295 131.23880494530522
1406667340 129.69642857142856
1406667351 129.3189296957887
1406667397 133.56172660545064
1406667421 130.42039501133252
1406667464 131.49393657337535
1406667519 172.8272724498402
1406667531 173.04945054945057
1406667610 154.89102564102564
1406667648 145.54032258064518
1406667672 142.74999861283737
1406667692 141.7380926949637
1406667714 141.14062333106995
1406667756 138.02222103542752
1406667768 136.13846001258264
1406667821 133.14599955240885
1406667843 131.43846153846152
1406667875 139.03076923076924
1406667886 139.45411392405063
1406667951 159.8723603260668
1406667954 159.9774750374459
1406668022 154.18918908608924
1406668025 154.1875
1406668062 164.015625
1406668073 165.85714285714286
1406668157 184.10714285714286
1406668160 176.359375
1406668173 143.046875
1406668184 142.46455223880596
1406668240 129.92723880597015
1406668251 128.8783783783784
1406668304 133.08783783783784
1406668314 133.375
1406668356 119.85377358490567
1406668367 117.49652777777777
1406668418 122.67361111111111
1406668428 124.21774218159337
1406668480 132.963221056708
1406668533 134.85201506779111
1406668544 135.9761941092355
1406668598 142.98051967868557
1406668610 139.39473684210526
1406668655 119
1406668664 118.3082191780822
1406668718 120.90753424657535
1406668728 120.86538461538461
1406668770 126.56111229790582
1406668782 129.59736994693154
1406668846 133.31311350504558
1406668857 132.70833587646484
1406668900 131.9090909090909
1406668912 130.94615384615383
1406668965 121.76984126984127
1406668975 119.84426229508196
1406669015 124.38797941364226
1406669026 123.59027904934354
1406669077 120.90278032090929
1406669087 120.08880014888575
1406669138 114.45524738453054
1406669168 114.86249923706055
1406669198 115.06951066924304
1406669209 114.40163809354188
1406669259 111.67073170731707
1406669291 107.11375596788194
1406669312 108.72486538357205
1406669322 107.72777557373047
1406669372 117.97380992344448
1406669392 123.7900006612142
1406669445 133.16600039164226
1406669500 150.8510001118978
1406669522 148.55357142857144
1406669557 135.0119073050363
1406669591 126.22747885214315
1406669622 126.30743274173221
1406669631 127.91509433962264
1406669675 141.03846153846155
1406669696 138.6058823529412
1406669739 132.31078177059396
1406669760 126.66666539510092
1406669802 120.07762684234201
1406669833 117.28529492546531
1406669866 124.1803950141458
1406669887 119.98427826503539
1406669919 116.43548387096774
1406669949 120.83196721311475
1406669980 125.825
1406669989 128.83653846153845
1406670034 148.18589489276593
1406670058 151.55952235630582
1406670090 149.44696821732953
1406670113 153.38484594171697
1406670167 154.6
1406670200 159.4103448275862
1406670222 149.51724137931035
1406670375 196.23793103448276
1406670419 181.95172413793102
1406670457 154.07777777777778
1406670464 148.40035672435704
1406670515 152.35295571610104
1406670599 141.1572364083853
1406670724 146.91360648618925
1406670784 138.19297991300886
1406670800 135.07692131629358
1406670824 137.19230710543118
1406670836 135.1
1406670884 131.63559115135064
1406670895 131.91953768675353
1406670939 127.5643670531525
1406670971 125.9634920756022
1406671002 120.8398817153204
1406671055 124.29960329570467
1406671065 125.15530303030303
1406671121 121.16035137754498
1406671131 122.26785482679094
1406671177 125.69047491891044
1406671187 126.40217250326405
1406671238 136.43659463136092
1406671269 141.60677083333331
1406671291 136.79947916666669
1406671334 140.3996104001999
1406671355 138.476924602802
1406671412 133.66700065612793
1406671422 137.35200050354004
1406671455 141
1406671477 147.12962962962962
1406671509 156.3235294117647
1406671545 148.625
1406671557 143.67241431926857
1406671591 151.16092155719627
1406671603 147.53703958016854
1406671661 123.10493827160494
1406671672 121.65
1406671716 131.25
1406671771 139.70833333333331
1406671782 142.87142857142857
1406671806 141.875
1406671830 134.5
1406671842 134.52355028235394
1406671899 136.59129647647632
1406671910 135.8720212663923
1406671955 134.66666412353516
1406671967 133.72120985551314
1406672020 132.92045350508255
1406672065 132.23863636363637
1406672075 142.16071428571428
1406672086 151.08333333333331
1406672141 129.42763157894737
1406672162 118.990234375
1406672194 117.927734375
1406672205 115.13679245283018
1406672257 120.71981055781526
1406672300 125.39999961853027
1406672321 133.71240163403888
1406672343 137.88095160893033
1406672377 131.33116883116884
1406672420 117.07861738384895
1406672430 120.60215180920017
1406672451 127.66243042380123
1406672504 124.34816431595107
1406672548 109.60499877929688
1406672559 108.9999984741211
1406672603 110.59365033346509
1406672622 106.2583327293396
1406672643 108.38888804117838
1406672675 125.0687866816445
1406672685 126.40359833661248
1406672737 112.76062191233916
1406672777 119.625
1406672797 122.87903225806451
1406672808 121.62909836065573
1406672858 115.14112903225806
1406672870 113.14404732840401
1406672921 105.68241605653867
1406672961 100.99830459336103
1406672980 102.80128205128204
1406673000 107.60792391417456
1406673031 105.86270598114514
1406673041 107.90073675267837
1406673099 116.68095387050084
1406673111 118.04338005797504
1406673161 110.69634722356926
1406673172 112.20967741935485
1406673223 109.67934782608695
1406673264 103.41197183098592
1406673273 109.93838028169014
1406673294 108.15120967741936
1406673335 106.18166770935059
1406673344 106.91666793823242
1406673395 121.375
1406673404 120.87298387096774
1406673457 108.87301587301587
1406673467 109
1406673517 115.08695652173913
1406673536 115.92049132800493
1406673578 118.92236689517372
1406673612 116.31851850237166
1406673641 113.11979293823242
1406673660 113.04722309112549
1406673691 109.79444313049316
1406673701 108.29491424560547
1406673750 105.63728966147212
1406673760 107.06304483828337
1406673820 103.04130471271017
1406673842 107.26774166476342
1406673882 112.29999923706055
1406673903 110.71653175354004
1406673944 109.125
1406673985 108.78267871632295
1406673995 107.74509676764993
1406674058 109.83088235294117
1406674070 108.7202380952381
1406674112 107.60357066563198
1406674121 107.59999916201733
1406674173 110.18579107816102
1406674182 111.84542902054325
1406674235 130.32939189189187
1406674256 135.02734375
1406674299 138.88059701492537
1406674323 137.74545399058948
1406674354 132.40656557950106
1406674389 131.39976037066916
1406674423 130.6973686887507
1406674446 129.80208206176758
1406674479 129.50833282470703
1406674501 130.4583342075348
1406674543 137.70833587646484
1406674578 134.3905484783116
1406674599 119.8998760394196
1406674610 119.71538461538461
1406674664 130.015625
1406674674 130.13181790438566
1406674719 135.08076770489032
1406674752 135.74923001802884
1406674784 119.84883720930233
1406674795 118.03207483831441
1406674837 134.9641488992943
1406674901 142.66266876220703
1406674912 140.3346174973708
1406674956 130.42307985745944
1406674966 129.08772157367906
1406675019 131.56096576891446
1406675051 132.63474025974025
1406675085 128.66071428571428
1406675096 128.29166691643852
1406675141 123.30811530665348
1406675172 122.07561782554345
1406675195 122.86616250240442
1406675205 125.06410383566832
1406675250 134.06089743589743
1406675273 139.99519230769232
1406675317 132.39903846153845
1406675328 131.01470588235293
1406675385 119.80330882352942
1406675396 119.2599998474121
1406675440 115.2538453909067
1406675461 112.96874940395355
1406675504 113.76666641235352
1406675536 111.59433962264151
1406675557 113.96370967741936
1406675567 115.563172248102
1406675619 117.26389016045465
1406675630 117.14858591331625
1406675672 128.61148648648648
1406675704 139.49486301369862
1406675735 112.69691780821918
1406675745 113.1712962962963
1406675796 108.9074074074074
1406675816 108.31451612903226
1406675858 111.4777397260274
1406675889 113.31009615384616
1406675910 106.27438959261266
1406675930 101.74047470092773
1406675980 107.88392276628643
1406676030 105.83451499668419
1406676071 107.26776041750048
1406676091 102.98850789563409
1406676100 100.35452212317514
1406676150 94.53415386012344
1406676161 96.61071504865373
1406676220 103.62750020027161
1406676241 99.98076923076923
1406676272 98.9375
1406676281 99.71000022888184
1406676332 98.56549448362539
1406676352 98.22777896457248
1406676400 105.16444405449761
1406676422 106.14262246303872
1406676461 104.15000099182129
1406676472 103.2836034221034
1406676512 103.13306451612902
1406676523 101.9
1406676582 96.82865168539325
1406676612 99.11274584601907
1406676633 98.70032178438626
1406676664 100.67889029184977
1406676693 114.64590316522316
1406676725 121.08695751687755
1406676755 103.44348028431767
1406676785 97.48196798856141
1406676816 104.3841463414634
1406676826 107.334506827341
1406676878 103.5239423295142
1406676887 102.76020974172673
1406676939 93.5580985915493
1406676949 94.70127118644068
1406676998 111.34708271026611
1406677009 111.69194047529618
1406677059 105.02197844117552
1406677089 99.16911708607392
1406677119 94.25490211038029
1406677127 93.66425135515738
1406677178 94.12802168251812
1406677188 94.94366433586873
1406677239 96.08967230353556
1406677249 96.74347891323808
1406677298 99.83152184970137
1406677308 99.25880281690141
1406677358 97.55281690140845
1406677369 96.83803786000898
1406677411 93.8635776273666
1406677420 94.7383358001709
1406677471 95.19691481413665
1406677501 92.71373677515722
1406677541 101.48205272967999
1406677562 100.74863471359504
1406677591 94.48087454623862
1406677602 93.90934065934066
1406677662 99.58150310306759
1406677682 98.48585013623507
1406677715 105.96388965182834
1406677736 111.25925982439959
1406677776 102.54475327479986
1406677796 100.16490646147392
1406677837 96.31338264572788
1406677847 95.46045452053264
1406677896 98.0493846822668
1406677955 104.91783953384615
1406677967 104.73577108615783
1406678017 94.62926752974347
1406678037 92.69999949137369
1406678077 101.5
1406678097 105.83870967741936
1406678139 102.97596153846155
1406678149 102.06944465637207
1406678199 100.51190512520927
1406678219 101.21256001790366
1406678258 94.76871999104819
1406678268 95.875
1406678318 100.25
1406678338 102.87857164655412
1406678378 104.13571493966239
1406678388 106.87742011777817
1406678440 124.46236678092711
1406678450 125.29902087940889
1406678491 125.42781743868976
1406678521 125.64139344262296
1406678552 114.49038461538461
1406678560 111.54166666666666
1406678612 111.71926229508196
1406678621 111.34966216216216
1406678675 111.19763513513513
1406678686 109.03541666666666
1406678735 108.175
1406678756 111.86267605633803
1406678796 116.17253521126761
1406678806 116.46875
1406678857 112.009375
1406678876 109.97083333333333
1406678917 108.08064516129032
1406678938 109.62704918032787
1406678978 116.53571428571428
1406678987 117.69660194174757
1406679041 114.876213592233
1406679081 113.15
1406679091 113.5625
1406679121 118.9375
1406679151 109.6875
1406679161 105.86723329425557
1406687681 109.98991557223265
1406687689 110.06666666666666
1406687741 100.91666793823242
1406687801 98.84523936680385
1406687811 98.1066680908203
1406687851 93.19625614466293
1406687900 83.22833347320557
1406687911 85.09375
1406687920 88.1903847034161
1406687979 95.02179553692157
1406688041 97.97154598701292
1406688061 95.45833396911621
1406688101 97.04166603088379
1406688121 92.9978890237929
1406688160 94.2521109762071
1406688180 91.41666793823242
1406688210 88.1029431960162
1406688231 86.65833587646485
1406688270 88.85374201560506
1406688280 90.45628394455207
1406688331 93.2650011062622
1406688340 92.4218765258789
1406688402 92.978125
1406688411 92.67542396157475
1406688461 92.41373778961517
1406688502 87.36833381652832
1406688521 79.8
1406688532 77.17833347320557
1406688581 88.64827662500842
1406688590 90.93703757392035
1406688642 102.69547248181001
1406688662 104.33333206176758
1406688692 99.35374147064832
1406688711 93.92826163250467
1406688761 87.78050859095686
1406688770 87.255
1406688811 86.28627328311696
1406688821 86.62380817958287
1406688881 88.27391301030698
1406688890 88.99367074121403
1406688942 90.67932645580436
1406688960 91.14166770935059
1406689001 93.8208338546753
1406689042 89.91607142857143
1406689062 88.51131079537528
1406689071 88.73132311064622
1406689112 101.19253000719794
1406689120 101.63095365251814
1406689182 104.45576161514094
1406689201 105.46683673469389
1406689231 101.69817073170731
1406689242 100.51041666666666
1406689291 99.26499875386557
1406689302 98.2920891066729
1406689350 87.770057484255
1406689361 87.32523255878024
1406689422 96.43485915492957
1406689432 95.91666666666666
1406689482 87.22413661562163
1406689490 86.49830355886687
1406689541 90.50409917362401
1406689551 92.64215813431085
1406689592 100.98954211964326
1406689602 101.33703645070395
1406689664 93.45122155910585
1406689684 89.56996107690128
1406689724 86.50154353954174
1406689745 86.2625
1406689774 100.96428571428572
1406689794 100.64285714285714
1406689835 89.31071428571428
1406689844 88.95454545454545
1406689894 89.26868839456577
1406689934 97.21355981341864
1406689953 93.16666666666666
1406689973 86.8658536585366
1406690015 96.2591463414634
1406690035 97.33333333333334
1406690075 96.89285714285714
1406690105 95.44565217391305
1406690135 94.1413043478261
1406690144 95.93237704918033
1406690196 107.36805555555556
1406690216 106.90254237288136
1406690255 106.24489795918367
1406690265 105.70491828293098
1406690316 100.95454698042437
1406690375 106.65512857681665
1406690394 109.59274193548387
1406690437 112.0788467847384
1406690446 110.70000076293945
1406690497 100.75500011444092
1406690506 100.11923076923077
1406690556 85.83717821561373
1406690616 85.76538385244515
1406690627 84.60333271026612
1406690676 86.4
1406690687 87.60999972025553
1406690736 84.73124847412109
1406690767 82.86571377345493
1406690796 92.61428615025112
1406690806 91.76250076293945
1406690856 86.75357164655412
1406690876 86.33333333333334
1406690916 84.75
1406690926 84.20833333333334
1406690976 105.9894366197183
1406690997 117.86693548387098
1406691038 105.111905506679
1406691067 91.85593284994869
1406691097 88.25
1406691127 86.25
1406691157 85.49999923706055
1406691177 85.35714231218611
1406691217 87.73809487479073
1406691227 88.71428571428572
1406691278 93.02380698067802
1406691287 92.98095000130789
1406691338 83.26190458025252
1406691348 83.53286367067149
1406691397 94.76056359519421
1406691409 95.19753067581742
1406691459 86.52057642995575
1406691478 87.70550847457628
1406691518 91.275
1406691528 91.109375
1406691577 114.1328125
1406691598 110.43750038146973
1406691639 95.92857382638114
1406691647 94.87439838354138
1406691698 93.32367186615433
1406691708 94.62146849551443
1406691757 89.90163884397413
1406691769 86.7295084468654
1406691818 83.72413812834641
1406691827 85.56875
1406691878 96.14919459435248
1406691889 96.27381079537528
1406691938 96.35714285714286
1406691948 96.80128229581393
1406691990 100.3360227769421
1406692010 101.65476281302315
1406692060 106.53571428571428
1406692080 103.25
1406692110 98.16463414634146
1406692121 98.775
1406692180 99.39492753623188
1406692190 100.19262295081967
1406692241 108.31355822288384
1406692249 111.34180663803876
1406692300 134.3005473027464
1406692310 131.99019734999712
1406692351 115.68666793823243
1406692360 116.84058064999788
1406692420 126.22463558031166
1406692452 122.86603718883586
1406692473 120.70000076293945
1406692483 118.91093814373016
1406692537 103.46428571428572
1406692546 102.3171875
1406692597 93.53125
1406692617 95.0297622680664
1406692655 105.02381057739258
1406692667 104.6428584144229
1406692718 90.90625019073487
1406692727 90.33050847457628
1406692777 98.03086419753086
1406692808 102.68306075549516
1406692838 110.65196205587948
1406692859 113.89262896317702
1406692890 105.69309039232208
1406692900 103.32173122937166
1406692960 94.91877509974226
1406692969 96.74047524588448
1406693020 109.38095201764787
1406693030 111.35875727766651
1406693079 100.73055578867594
1406693090 96.85000016139104
1406693131 91.90588311588063
1406693141 93.20000037500414
1406693190 94.77796457581601
1406693200 92.66328980651083
1406693260 84.37636986261683
1406693269 82.27878671125933
1406693310 82.53030360828747
1406693370 80.00980444515453
1406693380 93.7836597667021
1406693412 95.4084742271294
1406693439 96.19827586206897
1406693470 94.84722222222223
1406693499 91.83333333333334
1406693511 95.05882352941177
1406693550 107.76250123977661
1406693559 104.6265640258789
1406693620 75.234375
1406693630 73
1406693680 83.53319316799357
1406693689 84.87429505687649
1406693731 79.71822033898306
1406693739 80.525
1406693791 80.21547524588448
1406693809 79.69871667715219
1406693860 85.2548076923077
1406693869 85.27215189873418
1406693919 80.17299705215648
1406693939 80.7777785506903
1406693970 86.53000059127808
1406693979 88.15505694271474
1406694040 87.03932584269663
1406694059 89.97916666666666
1406694100 95.20666770935058
1406694109 94.04378658230021
1406694150 81.62288135593221
1406694159 80.7214287349156
1406694220 85.86214023166232
1406694240 86.83333333333334
1406694280 92.67007010323661
1406694289 94.0666690826416
1406694339 90.4962959713406
1406694370 93.18032749363633
1406694400 94.35714285714286
1406694440 97.02542424606065
1406694450 97.90678030757581
1406694459 97.12500076293945
1406694510 79.10500011444091
1406694519 78.1
1406694580 81.16666666666666
1406694600 83.67216089269617
1406694630 93.68040223174043
1406694671 93.00833206176758
1406694700 91.82478694426707
1406694710 92.10337679899192
1406694760 94.37025316455697
1406694779 92.1125
1406694810 88.375
1406694820 86.5
1406694870 83.16666666666666
1406694880 82.97222222222223
1406694940 76.80555555555556
1406694960 76.3879315606479
1406694991 70.85172547965215
1406694998 71.86101829399496
1406695050 76.35806323635963
1406695060 75.52753492714703
1406695119 74.25714285714287
1406695130 75.17708333333334
1406695179 78.75
1406695190 78.95286885245902
1406695240 79.45833333333334
1406695250 79.45
1406695290 88.11734693877551
1406695299 89.34375
1406695350 78.4
1406695389 71.37037037037038
1406695420 71.29938271604938
1406695431 71.82118658292092
1406695479 76.71767691409948
1406695530 77.92840269921531
1406695550 79.69381923889846
1406695600 82.84503718172567
1406695619 85.44202898550725
1406695650 82.55797101449275
1406695669 83.82291666666666
1406695710 82.6421568627451
1406695720 83.00949367088607
1406695780 90.61645493326307
1406695789 90.73940613310216
1406695839 83.51785714285714
1406695859 82.95524691358025
1406695898 86.1450604568293
1406695920 87.82692234332745
1406695950 85.73077040452223
1406695959 84.70986068080848
1406696021 84.06948487187775
1406696030 85.53809667314802
1406696080 108.82380932399205
1406696091 110.46405242471134
1406696140 106.88725437837488
1406696182 108.29411764705883
1406696191 107.76785714285714
1406696203 106.01071457635788
1406696254 88.5250015258789
1406696263 85.61017078464315
1406696313 93.8360655737705
1406696324 95.81666666666666
1406696373 93.13135593220339
1406696383 92.91431942792006
1406696444 91.73809650966099
1406696453 91.34013709243463
1406696493 91.67999877929688
1406696503 92.37468983214578
1406696563 90.08950744440526
1406696574 90.55781359672547
1406696623 80.3229169845581
1406696643 79.84722222222223
1406696683 78.91666666666666
1406696713 80.65163934426229
1406696743 88.20328021440349
1406696793 98.63934426229508
1406696805 99.23611132303873
1406696856 93.03125238418579
1406696865 92.43659658017366
1406696915 86.56582144032353
1406696925 85.975
1406696984 88.84
1406697015 88.45098039215686
1406697035 87.90677966101694
1406697074 81.31785714285715
1406697095 84.64285714285714
1406697105 82.625
1406697155 88.01449275362319
1406697174 91.5506329113924
1406697215 86.4493670886076
1406697234 87.66041666666666
1406697275 85.935
1406697284 84.9
1406697335 89.26844262295083
1406697345 90.71527798970541
1406697395 85.59299551922342
1406697414 82.8838882446289
1406697455 89.9478860237229
1406697485 99.94754059588323
1406697516 98.32565789473685
1406697523 95.83386075949366
1406697575 87.14135148253622
1406697595 83.11904852730888
1406697645 80.80303001403809
1406697815 80.53985380089802
1406697875 79.36111068725586
1406697905 81.95833396911621
1406697935 85.3541669845581
1406697945 86.11111068725586
1406697995 95.38135554426808
1406698004 95.64655172413794
1406698053 82.29781216480693
1406698065 79.79303791758778
1406698115 85.65292999770615
1406698144 80.0375
1406698175 77.61971830985915
1406698215 86.16666666666666
1406698235 86.83333333333334
1406698275 82.38888804117838
1406698295 84.54166603088379
1406698315 85.08016909828669
1406698355 82.57383935662764
1406698374 80.82916666666667
1406698415 86.62745098039215
1406698425 86.92622963326876
1406698476 88.46250076293946
1406698485 88.93670953678179
1406698535 71.09620425067371
1406698555 69.88333415985107
1406698594 77.99250073432923
1406698615 79.71287102274376
1406698655 83.98976871754863
1406698695 86.69999967302596
1406698714 84.76499988010951
1406698725 84.61964285714285
1406698775 85.08392857142857
1406698784 84.93125
1406698835 91.5
1406698896 87.88125
1406698955 86.95000076293945
1406698995 88.33580285531502
1406699016 86.43209895381221
1406699036 86.55696202531647
1406699076 83.04588607594937
1406699095 81.75282526824434
1406699135 78.3055559794108
1406699155 79.4444440205892
1406699195 87.97385593489105
1406699206 87.97598893763654
1406699254 78.85703547066504
1406699315 77.22016619458611
1406699335 79.50000112196977
1406699376 88.4000020868638
1406699436 85.73333369984346
1406699485 92.675
1406699496 90.93333263397217
1406699505 89.09420162698497
1406699555 90.37681286576866
1406699565 90.76954843968521
1406699615 91.78395094694915
1406699636 89.1125
1406699675 83.84948979591837
1406699685 85.65466101694915
1406699734 92.3625
1406699755 90.3991935483871
1406699796 92.77205882352942
1406699806 93.90277798970541
1406699856 94.71257297063278
1406699865 94.86085870725299
1406699915 91.64709462157083
1406699965 90.02222315470377
1406699975 88.57471347677296
1406699994 88.30763848622641
1406700035 97.27638848622641
1406700054 97.08035714285714
1406700095 85.00595365251814
1406700105 83.96202642706376
1406700155 89.68881887122046
1406700174 89.775
1406700215 84.73039215686275
1406700225 84.29166666666666
1406700275 84.66949152542372
1406700284 84.18478260869566
1406700335 85.23188532953677
1406700344 85.56011018596712
1406700396 87.72849335209017
1406700406 86.51960675856645
1406700464 74.40640203503595
1406700475 74.19853068333046
1406700515 79.16287959705699
1406700575 83.96969708529386
1406700585 85.09670766194662
1406700645 90.17695363362631
1406700656 90.09999872843424
1406700694 83.63333485921224
1406700735 81.30327918881275
1406700755 80.16666666666666
1406700765 78.70886075949366
1406700824 73.70780717873875
1406700834 74.10947814642213
1406700875 83.73076923076923
1406700886 86.06694012000912
1406700936 88.34722455342612
1406700946 87.09563095843205
1406700997 85.15476444789341
1406701016 84.42744465531973
1406701055 80.82666694641114
1406701066 79.9938524590164
1406701116 78.58333333333334
1406701126 79.14398734177215
1406701176 78.18892481357236
1406701195 78.05761925833565
1406701236 78.83809552873885
1406701246 78.84722201029459
1406701296 82.66666539510092
1406701306 84.19047491891044
1406701366 102.28260852979577
1406701375 103.24234693877551
1406701415 91.35040983606558
1406701436 86.50949367088607
1406701476 89.97995907747293
1406701494 88.638096509661
1406701536 82.73809650966099
1406701546 82.30555682712131
1406701596 84.20833333333334
1406701626 84.03571428571428
1406701656 82.39642933436802
1406701666 82.29047666277205
1406701726 84.33333206176758
1406701736 83.56666564941406
1406701776 76.23469387755102
1406701785 75.99576271186442
1406701835 83.57673267326733
1406701886 86.82786885245902
1406701896 82.90350944117496
1406701905 80.2366678237915
1406701956 83.13003286984888
1406702006 83.77619116646903
1406702016 85.8047616141183
1406702026 85.68926575224279
1406702075 83.53073795506211
1406702087 84.26024590163934
1406702136 86.69949494949495
1406702186 81.99758546248727
1406702196 75.96377049321714
1406702205 75.5395857334137
1406702255 76.76875033378602
1406702276 75.675
1406702316 75.55
1406702345 74.66525423728814
1406702375 78.4
1406702395 79.57746478873239
1406702435 81.35739436619718
1406702446 80.60655737704917
1406702496 78.74999872843424
1406702506 79.8499984741211
1406702566 85.25
1406702576 86.54661016949152
1406702616 81.73305084745763
1406702625 83.8
1406702676 104.65983606557377
1406702686 107.21153846153845
1406702741 113.5
1406702774 123.28000183105469
1406702796 125.20625305175781
1406702851 100.00520706176758
1406702870 96.66732715425037
1406702914 90.725
1406702925 90.18852459016394
1406702975 99.41666666666666
1406702985 100.02500025431314
1406703035 90.01111263699002
1406703075 81.46179859289963
1406703095 81.04269636347053
1406703124 81.19303749181047
1406703164 89.25527543659452
1406703174 89.58843612670898
1406703213 79.27333305358887
1406703224 76.85288083111799
1406703275 76.00411492806893
1406703294 76.7
1406703335 78.40833333333333
1406703354 77.07971014492753
1406703394 76.1159420289855
1406703404 74.86440677966101
1406703453 73.434375
1406703484 77.42213114754098
1406703514 85.15384615384616
1406703523 89.08125
1406703574 97.87909836065575
1406703584 95.70696721311475
1406703635 97.7825
1406703684 106.22669491525423
1406703694 103.59722282772972
1406703705 100.0069457160102
1406703764 90.3055542839898
1406703784 90.12222162882486
1406703814 87.3055559794108
1406703824 88.6239138064177
1406703883 99.11950031280517
1406703924 106.27863004130703
1406703945 108.3843765258789
1406703995 107.54241071428572
1406704036 106.1777769088745
1406704055 103.32777570088705
1406704066 102.4897517845279
1406704116 108.00595201764787
1406704136 115.17664390886333
1406704176 135.77993172659
1406704187 139.49935150146484
1406704240 140.011843229595
1406704282 132.1875
1406704291 125.46875
1406704312 118.81451612903226
1406704353 104.57583229064942
1406704362 104.37137554002845
1406704422 114.24546153002447
1406704463 115.0264423076923
1406704474 115.825
1406704483 115.32500019073487
1406704534 115.13145667062679
1406704554 119.12500095367432
1406704603 111.94791684150695
1406704614 112.21527777777777
1406704654 109.27083333333334
1406704675 108.41666666666666
1406704717 107.54508196721312
1406704736 107.1979163646698
1406704778 145.80207982063294
1406704797 138.55833000183105
1406704838 113.4666648864746
1406704878 98.4444440205892
1406704899 104.78277753194173
1406704928 104.44444382985432
1406704959 101.06458206176758
1406704968 100.70833216394698
1406705010 110.70833264078414
1406705071 105.87096774193549
1406705082 92.54032258064515
1406705103 90.75
1406705134 89.35714285714286
1406705145 91.47983870967741
1406705196 104.12701612903226
1406705207 104.1491935483871
1406705258 96.52459122704678
1406705268 95.79874340993054
1406705311 93.94791793823242
1406705332 97.86198043823242
1406705381 122.9593734741211
1406705423 134.0270580516142
1406705445 130.53647021125346
1406705466 129.12109375
1406705498 135.74609375
1406705509 130.98611111111111
1406705561 111.43951612903226
1406705602 107.88508064516128
1406705613 108.05241935483872
1406705623 106.88242026551129
1406705676 104.03424767272114
1406705686 102.49043843003571
1406705737 99.10238129752022
1406705756 99.39067821179407
1406705796 95.52377125474274
1406705817 93.87705011836817
1406705857 108.76666793823242
1406705867 112.16666793823242
1406705917 104.94444465637207
1406705927 102.53954780707926
1406705976 96.93361560368942
1406705986 97.2605633802817
1406706036 100.31338028169014
1406706047 100.92083333333333
1406706096 102.26694915254237
1406706106 102.74154607800469
1406706157 97.97343107582867
1406706165 97.90000127156576
1406706217 94.62903139668126
1406706227 96.61111005147299
1406706277 109.93089508428807
1406706309 104.7477885220958
1406706330 96.45206684348858
1406706390 81.1041669845581
1406706399 103.10729184150696
1406706410 99.32394366197184
1406706450 94.52464788732394
1406706470 87.66666666666666
1406706510 84.83333333333334
1406706530 82.66666666666666
1406706570 88.20187721789722
1406706601 97.91666603088379
1406706632 97.50711478256598
1406706642 98.54166793823242
1406706702 115.93452617100307
1406706712 114.64942761125235
1406706760 97.93333358764649
1406706772 97.0878712871287
1406706821 94.99876237623762
1406706861 96.10381355932203
1406706872 86.920905226368
1406706880 86.35748904684316
1406706941 87.30416569709777
1406706960 90.51833206176758
1406706991 97.93249912261963
1406707000 99.33928495134626
1406707061 102.39197512026186
1406707081 100.54411764705883
1406707112 91.7
1406707141 89.02152716318767
1406707172 111.93495615517222
1406707182 118.57649900092454
1406707233 117.91728224577727
1406707263 122.43934387457176
1406707294 128.875
1406707325 125.47916666666666
1406707354 109.22560975609755
1406707366 103.75
1406707415 104.45833333333334
1406707426 103.30122950819671
1406707476 104.99788135593221
1406707485 106.00357142857143
1406707536 100.14881079537528
1406707546 101.64432475877845
1406707605 113.4046875
1406707626 110.34
1406707655 101.16875
1406707666 99.6844262295082
1406707716 93.07758620689656
1406707724 92.52118644067797
1406707775 101.65322580645162
1406707786 106.70023187001547
1406707836 132.21643988291424
1406707847 136.05399569659164
1406707896 131.77934780926773
1406707907 132.99429016113282
1406707956 184.84761810302734
1406707966 177.9124984741211
1406708016 136.1312494277954
1406708046 128.83333333333331
1406708075 114.63472349378797
1406708106 108.5989019372961
1406708137 107.83113517342034
1406708166 105.14999961853027
1406708195 104.11538461538461
1406708205 104.26525803686867
1406708256 97.5680740248989
1406708266 97.83966117569163
1406708316 102.37130674531188
1406708335 107.11354069709778
1406708376 120.6458330154419
1406708396 130.3731054826216
1406708442 141.59374809265137
1406708464 147.31510162353516
1406708567 124.83203125
1406708570 124.25
1406708612 117.97641610199551
1406708623 116.01250127156575
1406708672 106.12077331542969
1406708692 108.24867684500558
1406708735 105.03773354584317
1406708745 103.29166412353516
1406708795 107.66284207685278
1406708854 105.41071515764509
1406708865 98.93279697049049
1406708885 93.94047694303552
1406708914 102.0801282051282
1406708924 101.01785714285714
1406708975 94.82142857142857
1406708984 94.0640625
1406709034 101.0171875
1406709055 103.28125
1406709094 108.50833415985107
1406709115 110.59666767120362
1406709154 105.94135009186178
1406709194 105.11967186849625
1406709215 114.65
1406709224 120.5625
1406709275 130.16666666666669
1406709305 138.32581967213116
1406709336 107.82317073170732
1406709346 98.25
1406709395 107.64870689655172
1406709404 108.80327868852459
1406709456 103.2112676056338
1406709475 102.25625
1406709516 100.09642857142858
1406709545 97.445
1406709575 94.97
1406709616 93.4610655737705
1406709636 94.16071428571428
1406709644 94.82584756107653
1406709695 94.59024466537848
1406709726 91.87333319527762
1406709755 96.84999901907784
1406709765 95.31572642796476
1406709826 81.9842993694803
1406709834 82.76020408163265
1406709875 91.32
1406709884 90.9
1406709935 89.2
1406709944 89.42622950819671
1406709996 92.40983606557377
1406710005 93.58386075949366
1406710056 95.22573712505871
1406710075 96.73541569709778
1406710126 99.02083444595337
1406710136 99.54081733859314
1406710175 96.63200119018555
1406710186 94.41123748093509
1406710236 94.91685545846317
1406710264 93.99000091552735
1406710295 108.75035738263811
1406710306 108.94894366197184
1406710356 108.88732394366197
1406710366 108.5
1406710418 100.84677419354838
1406710428 99.125
1406710478 105.33333206176758
1406710538 99.74882609407666
1406710549 98.42582417582418
1406710597 99.67032967032966
1406710629 96.64788732394366
1406710659 98.6802809272014
1406710668 97.03389765852589
1406710718 90.3177966101695
1406710727 91.83000011444092
1406710778 105.68777250206989
1406710819 109.0573772993244
1406710839 104.93678073225351
1406710848 104.18896586458447
1406710899 110.45422535211267
1406710910 110.87142857142857
1406710960 104.0142857142857
1406710969 102.31071428571428
1406711018 93.08571428571429
1406711030 93.65999984741211
1406711078 123.04073997780128
1406711111 142.5593746304512
1406711142 130.2042682926829
1406711152 123.53703721364339
1406711195 120.23379723230997
1406711214 119.91909512269845
1406711257 119.4184473648812
1406711298 125.47076903123121
1406711322 125.77468278136435
1406711377 121.40833303663466
1406711412 113.60227272727272
1406711432 108.20833333333334
1406711442 107.29166666666666
1406711492 106.75245004541733
1406711510 112.41770706176757
1406711562 126.74479293823242
1406711572 130.2500010899135
1406711612 112.08333369663784
1406711632 113.0555559794108
1406711672 115.36601534076766
1406711683 117.3647082609289
1406711736 127.07647090238683
1406711757 127.58620689655172
1406711802 102.41379310344828
1406711823 102.19333297729492
1406711855 111.03555465698241
1406711877 113.2199299999119
1406711920 115.16494845360825
1406711952 111.79999909577546
1406711974 108.78518365930628
1406712006 109.90399912516276
1406712038 115.45799977620442
1406712049 115.59722201029459
1406712104 107.61318280803624
1406712116 106.16823801004662
1406712157 102.84455027947058
1406712168 102.37698268890381
1406712220 101.08333110809326
1406712241 99.50273013505779
1406712281 98.48780422675901
1406712323 100.9833324432373
1406712341 98.00438469334652
1406712361 96.34999923706054
1406712391 99.71250057220459
1406712401 99.39835739135742
1406712462 98.009388507252
1406712472 98.0508466171006
1406712521 87.00278008778889
1406712532 85.27857377188546
1406712581 98.59523827689034
1406712591 99.08241758241758
1406712633 100.12857219151088
1406712672 99.98687539100646
1406712702 100.38062510490417
1406712713 100.25
1406712752 102.5999984741211
1406712793 103.15805594126383
1406712812 103.05590844456154
1406712872 103.1041669845581
1406712882 105.46875143051147
1406712892 106.15847121692094
1406712933 108.84153259777632
1406712943 109.0846797573951
1406712995 108.75462998284235
1406713015 120.46106457319416
1406713056 143.05534236835985
1406713110 122.00628816856528
1406713121 121.52409528249717
1406713184 124.91967984854458
1406713193 124.14848591197621
1406713239 111.09523705073765
1406713249 107.89814684126112
1406713291 104.470368915134
1406713311 102.5999984741211
1406713359 100.125
1406713371 103.526612312563
1406713421 134.09343957119302
1406713432 137.16309271918402
1406713484 127.24662162162163
1406713506 130.52777862548828
1406713539 149.6319465637207
1406713550 155.58333587646484
1406713599 158.12704968061604
1406713611 153.31521739130434
1406713657 140.481884057971
1406713668 136.15671641791045
1406713713 113.71828358208955
1406713724 111.02796052631578
1406713779 105.70943109612716
1406713789 105.08470072511767
1406713840 100.06830728249471
1406713850 99.05737811229268
1406713891 106.50929135181865
1406713901 106.96338180756905
1406713962 109.05044400375502
1406714014 98.17294176887063
1406714025 106.11529451258042
1406714047 98.79166666666666
1406714079 98.28938356164383
1406714120 104.6612030404513
1406714130 109.41393548934187
1406714140 108.47814334806849
1406714191 100.91871605544793
1406714201 101.28073770491804
1406714252 107.91615932743724
1406714283 108.14660620983736
1406714323 91.94598765432099
1406714333 92.34722222222223
1406714383 88.58333333333334
1406714413 99.24509878719554
1406714434 111.77957116403887
1406714444 117.36574183570013
1406714496 133.13426197899713
1406714506 134.83505382734475
1406714561 123.84450255718428
1406714593 122.71153846153845
1406714613 123
1406714634 122.60227272727272
1406714679 124.26865671641791
1406714701 126.93478260869566
1406714744 135.48913043478262
1406714748 136.2980769230769
1406714796 147.0584862385321
1406714857 144.75
1406714869 164.69444444444446
1406714960 542.3148148148148
1406714992 459.43650599888394
1406715002 372.28947114107905
1406715049 138.61928318996056
1406715053 135.18750254313153
1406715097 127.86666717529297
1406715108 129.3
1406715152 128.36666870117188
1406715163 128.06084865993924
1406715215 160.5752666842553
1406715225 165.2031228542328
1406715279 128.84615384615384
1406715290 124.79166666666666
1406715345 135.64693074477347
1406715366 129.8364797628151
1406715398 122.12345857973452
1406715420 122.19000099182128
1406715465 116.54833248138428
1406715498 168.8631834343298
1406715510 192.1467657516252
1406715532 227.5
1406715576 144.96666564941407
1406715587 123.9666655505145
1406715630 123.18835133378224
1406715680 123.63181859796697
1406715699 122.26090937527744
1406715740 124.21621621621621
1406715752 132.86486486486487
1406715773 129.16666666666666
1406715815 118.88235294117646
1406715824 120.74596774193549
1406715877 123.390625
1406715888 120.82377049180327
1406715938 121.08333333333334
1406715948 119.67372881355932
1406715997 105.34745762711864
1406716007 105.13888888888889
1406716057 115.2833340962728
1406716087 115.31971875042983
1406716117 113.0644367379202
1406716128 113.72043010752688
1406716177 131.21370967741936
1406716210 134.23511804853166
1406716239 134.34325209118072
1406716261 126.5801256619967
1406716291 109.47916603088379
1406716301 107.53278688524591
1406716352 140.48571428571427
1406716371 150.8306451612903
1406716414 109.76603835483766
1406716424 100.5309184530507
1406716483 106.8586132178146
1406716513 112.84139719317037
1406716535 105.58064368463332
1406716545 106.73214176722935
1406716596 93.2660712650844
1406716605 95.14185393258427
1406716656 102.98735955056179
1406716685 105.1804162979126
1406716716 100.80961462167593
1406716737 99.09270779291788
1406716778 85.96180544959174
1406716788 87.06995412844037
1406716838 101.11972553358166
1406716887 106.48500022888183
1406716897 95.38500011989049
1406716908 95.29694855381067
1406716957 94.53638732265418
1406716968 94.68306219382364
1406717018 95.45833333333334
1406717077 104.8458346048991
1406717088 104.98634006937996
1406717138 99.52185815279601
1406717149 98.3472224553426
1406717198 102.23039251215317
1406717217 108.46448047825547
1406717259 123.61635193734799
1406717270 122.5
1406717315 103.10605933449486
1406717325 102.24178276599292
1406717376 107.25821341930981
1406717386 108.62036800384521
1406717439 100.64166498184204
1406717448 100.54656114578248
1406717499 108.99374961853027
1406717519 107.70833333333334
1406717559 104.0484693877551
1406717568 103.86111111111111
1406717620 102.25308641975309
1406717640 105.28688524590163
1406717681 110.80288461538461
1406717692 111.03947368421052
1406717735 121.04605263157895
1406717757 120.73214285714286
1406717801 134.0297644478934
1406717812 130.17857347215926
1406717857 115.07462686567163
1406717879 114.6
1406717912 116.8125
1406717923 120.64093096116011
1406717980 140.4093111823587
1406718025 141.84044600696097
1406718040 149.7317091779011
1406718062 167.43902625107182
1406718099 191.05996006291087
1406718122 207.92261904761904
1406718183 138.03424657534248
1406718195 125.6764705882353
1406718217 124.46666463216145
1406718228 124.3487146817721
1406718282 121.84696787053889
1406718294 118.96717059973514
1406718337 118.82592688666449
1406718381 115.92089604619724
1406718404 131.04444444444445
1406718426 139.92857142857144
1406718459 108.32142857142857
1406718481 106.4270828962326
1406718523 111.1891012925368
1406718533 111.87978056610608
1406718584 120.31011056118325
1406718594 131.47839609781903
1406718638 183.02941176470588
1406718662 169.5735294117647
1406718696 142.6360294117647
1406718706 134.68269230769232
1406718761 128.1319433848063
1406718772 125.64973831176758
1406718816 119.58203125
1406718825 117.44736827047248
1406718892 116.12499872843424
1406718903 116.01041561365128
1406718944 121.37499976158142
1406718956 118.47222222222223
1406718998 122.61538461538461
1406719008 124.82432432432432
1406719052 111.55135211429081
1406719072 110.68888982137045
1406719112 122.06666793823243
1406719122 125.3055566151937
1406719172 122.60714285714286
1406719192 117.18548387096774
1406719234 110.45833333333334
1406719264 114.33333396911621
1406719294 126.66666793823242
1406719314 133.67869516746285
1406719357 135.02955218442935
1406719391 132.88163165656889
1406719423 110.56581582828444
1406719455 105.44575471698113
1406719476 105.1640625
1406719487 106.12301587301587
1406719539 115.57786885245902
1406719548 115.88235294117646
1406719590 112.70283018867924
1406719601 112.93055555555556
1406719662 110.875
1406719671 111.37678555079869
1406719721 113.02559416634696
1406719732 115.04933189392091
1406719771 118.68251243966525
1406719793 117.71249949932098
1406719835 129.46226616625518
1406719846 132.38889185587567
1406719901 127.60714612688338
1406719923 123.58077005239633
1406719953 119.24285561697823
1406719993 139.82131095010726
1406720014 153.18951612903226
1406720024 148.78091418358588
1406720076 112.69642984299432
1406720087 111.27777891613188
1406720138 120.91111086890811
1406720181 124.28968229747954
1406720201 117.63888804117838
1406720211 115.47916539510092
1406720251 125.22916666666666
1406720261 125.52822592950636
1406720313 114.3554885678175
1406720343 110.90422579268335
1406720375 116.08873249107683
1406720384 115.77232142857143
1406720438 123.40625
1406720459 117.10860655737704
1406720499 103.72115384615384
1406720511 105.33333363252527
1406720550 118.57166793823242
1406720561 119.79745478100247
1406720622 106.63020833333334
1406720633 104.53483606557377
1406720683 111.45138994852701
1406720693 113.77645649985661
1406720735 120.38756845867823
1406720746 121.164552718874
1406720798 123.22577454871738
